2736
8 1479
188 1609
1712 1265
2349 858
412 2060
678 573
1274 585
1130 694
2419 745
2465 957
822 1924
1440 2303
1477 1291
1822 2458
1215 120
610 2034
837 657
2308 1197
874 1556
1749 342
2062 2686
2704 743
1732 787
1423 821
2193 2134
463 1173
354 1675
2578 1705
1627 1361
1943 1182
1804 2236
2670 1811
2045 2455
2175 2472
1123 1075
2391 652
513 410
1730 2112
1370 2610
2724 2061
2097 2432
1503 2091
611 664
1674 1356
1709 1239
2105 1512
533 1272
1510 1506
350 1269
67 718
495 2609
236 2699
462 2518
1343 14
179 2577
909 842
376 2067
1066 56
108 1255
1532 624
2330 1916
2453 2098
72 2393
1035 1620
1653 1988
603 2690
363 1498
2262 1128
60 2144
1425 2297
547 820
902 856
395 5
2388 1317
1270 1312
1920 726
663 105
1253 837
1639 682
1779 1595
1544 2277
1146 2559
880 275
905 2656
2284 974
516 1649
2427 1617
1177 1545
574 1099
784 2514
1019 2485
1133 1862
1058 1647
681 1994
2314 1109
2073 1200
912 1942
2430 1342
1519 2293
1248 1468
1586 1631
2669 298
328 20
103 542
1983 276
745 1259
746 1615
309 864
2091 1167
1892 1883
1242 500
2434 1787
2192 2210
358 938
2577 1662
23 1305
2423 991
957 1915
446 1142
235 257
114 2574
2138 1334
1990 1020
2636 1741
913 1346
848 2347
1350 2185
1263 922
587 452
2267 159
2252 709
582 367
1760 215
2153 2666
51 406
2381 242
2651 2199
2494 2473
401 1214
49 995
2058 130
329 758
53 1724
284 899
2727 449
295 2584
2543 935
503 776
2118 166
1000 149
56 153
2119 1872
1721 36
520 1709
530 427
2171 2116
1255 1194
1091 404
509 30
1705 2359
2183 2419
2369 2519
118 2173
1711 1859
1904 2720
2618 1434
2095 1834
601 1634
2712 637
1137 1827
921 470
384 1918
22 1281
104 1423
2676 327
1422 2365
556 447
1987 199
1879 976
2469 1176
789 1153
2468 1120
1803 54
2694 213
628 2735
1461 364
1838 1574
857 1348
1702 357
2051 1826
2276 2665
2431 330
2660 1611
1656 2585
1845 2136
752 1415
1392 546
399 2070
1966 1717
34 1555
575 405
362 505
2320 529
157 2500
1979 2135
2323 2120
489 445
1832 1869
74 2512
898 1198
1728 2261
638 2030
341 778
2074 1238
855 2232
1 1455
2460 2189
991 931
16 1971
2375 2108
1296 1755
1142 1591
675 960
2203 1215
2044 2715
1792 954
2471 310
389 2493
2246 1736
2477 1467
68 1745
99 722
2255 2168
364 1170
2518 1417
1762 2565
2373 171
1448 371
1813 971
1374 597
750 468
653 1302
1118 2191
2191 1175
1930 1232
1506 1696
1377 2016
1820 2358
1624 1337
1289 1725
1315 2334
2429 1243
538 1858
1530 1458
176 2201
2303 2007
1498 393
1509 851
1933 2064
1505 2204
1597 557
703 2272
1664 2684
1689 494
2132 2360
691 1437
1017 2442
1302 2434
7 1887
500 317
1899 1866
1007 431
2335 581
2293 1082
2527 1965
1457 361
1935 1602
2210 1184
523 1443
316 764
2593 2466
1921 1557
2351 843
414 1874
1812 151
1916 1366
2339 240
972 1450
2628 818
518 2421
1190 2728
541 1059
2641 1922
947 2403
1050 1146
1219 407
360 23
856 2138
1271 1743
1693 2494
942 2321
1673 74
2354 1444
2353 2156
2090 1635
2560 2008
1305 430
1141 350
2730 2133
2208 196
1952 2570
345 737
1012 334
2094 210
1608 110
112 297
1716 1359
369 231
1332 1958
1368 1354
2211 2110
231 1911
2605 827
1211 390
1147 616
1410 613
1797 2352
1663 1326
1835 540
2614 2424
2000 2698
2001 2162
1666 1505
1648 2154
197 1222
2257 1564
2506 693
1036 1095
510 2072
799 401
1566 880
894 1185
1442 2461
1799 1341
1725 2304
106 1637
344 93
1006 1861
2390 794
1319 2618
2190 376
192 306
325 25
1459 208
531 261
734 640
1113 703
747 1999
712 1270
2363 2556
1596 2397
879 1829
866 2638
2230 466
1782 639
1192 2427
867 678
432 2328
76 2356
211 1391
1499 956
2180 1336
1166 1382
147 274
1751 886
2454 817
279 488
2024 415
370 1252
302 134
640 1055
2326 2566
2348 1953
173 46
2473 1054
1617 1690
1746 1661
2622 1402
2188 1951
1793 2088
2735 563
2198 1201
153 2239
1161 34
602 1734
1924 2482
1267 553
1458 2733
1087 2378
875 1825
959 2376
105 2226
976 1087
705 2521
450 2245
1976 1571
925 133
1938 2287
2440 1097
1363 1112
308 2450
1292 2152
248 2147
310 651
1214 1625
1083 1161
937 1
131 2164
2313 2301
621 2626
1853 2627
820 2342
2395 1676
1059 696
2376 796
1273 795
2597 1086
1651 2243
2232 548
428 605
1004 1178
1098 2463
186 1420
1842 1397
142 2538
2439 1285
2714 1880
1327 498
2725 188
36 84
2410 1058
2327 1152
269 1573
2652 1388
665 71
2125 635
1855 1816
1939 1610
2428 835
2646 1860
1101 2196
1748 204
124 235
426 2723
996 169
2422 2203
1241 707
1833 475
1254 2592
2371 209
27 1427
985 2128
1543 968
886 2621
2264 2302
1796 1351
1329 916
2103 485
2734 1898
1948 2647
1848 626
1548 2087
1798 2524
2485 629
2315 2273
249 541
1112 2324
1511 1474
39 730
485 2407
861 1078
2215 2014
181 1066
1224 1126
2012 1530
2510 2055
88 906
2358 838
1805 1546
1283 1017
1995 834
1220 352
564 1928
2034 607
1754 1762
464 550
969 2059
2418 2179
1581 680
1234 2046
1768 1060
1261 1133
537 158
1626 736
2006 2721
1400 1605
2571 88
407 1513
2566 1927
953 1897
1527 879
1882 1949
1393 533
508 189
404 1699
187 21
300 1283
388 1154
767 13
2261 1044
2576 103
2101 2026
1860 164
1354 2222
1960 1253
2372 509
488 1111
331 1119
698 1290
1009 273
1264 1756
1975 2649
130 789
526 1561
700 233
1655 2085
1740 200
2172 857
2533 309
2340 1844
87 285
1464 572
2546 2169
1773 2248
2436 1909
2500 304
311 486
720 381
2241 2104
2665 1205
1739 543
1840 108
852 32
1135 1892
167 423
223 1542
881 2544
1025 746
1843 2652
2096 2165
615 2225
1577 245
988 2216
1616 2659
492 2145
2451 788
2493 1155
2059 1579
2684 2270
1907 1842
1321 1576
2207 1934
2224 527
1472 2311
226 721
1068 1694
208 222
1092 1592
1507 2501
578 18
1244 2161
876 2377
2102 1492
2159 322
2461 2343
254 1335
667 1394
1401 1192
652 2285
950 292
1583 473
2678 659
1667 1877
1988 426
1205 1720
576 2492
380 708
1128 2263
440 1484
1103 2662
2056 75
748 2031
570 1050
990 1984
1003 128
2067 2326
385 433
914 1401
2266 2489
1435 874
1738 977
2333 228
2448 340
58 2066
1554 1578
666 2508
222 855
1134 173
572 571
954 374
1931 129
790 1235
783 370
1225 443
2048 1780
777 2100
2531 9
2247 1577
1863 2669
2662 606
2417 80
590 1012
2519 521
2639 1157
168 586
2442 1824
2697 901
1310 1105
1194 873
930 2231
2601 747
216 697
1185 733
2054 536
2072 2278
1480 582
1064 2523
206 1193
849 1405
2324 2186
66 2578
1839 2227
429 446
411 1923
1117 2255
2205 508
1089 2460
1005 177
1456 1028
387 344
1396 630
1269 1687
1902 2062
3 122
1723 2548
971 1292
1877 1441
1291 2563
1875 1533
800 1710
1742 595
1769 2316
580 1314
2133 1104
93 1686
1387 409
1193 1913
90 1902
1076 1793
983 1219
938 1850
1772 1169
2653 2320
782 807
1168 49
2202 339
2541 2734
1028 1882
421 109
294 1009
2258 2475
1280 1946
1106 603
1587 1237
1336 2032
349 2283
457 526
1631 2149
2273 1071
2274 2714
2259 1021
1818 1520
1534 1414
156 1236
2145 186
1056 2496
2425 617
2227 946
1240 366
1628 2022
787 2530
2409 719
2583 136
642 1785
893 962
1367 288
963 373
348 2192
127 520
1412 1991
417 784
2005 1795
397 2474
1217 1174
1110 579
296 1847
677 1481
2621 458
327 1980
1613 556
2650 385
2148 1433
2250 1775
2278 1558
2420 1488
2441 2630
561 663
2294 1885
1450 1221
946 2052
2399 2692
2489 1053
2237 2672
2642 2219
154 2353
2696 1033
2201 911
517 1206
2071 1373
2245 1486
1099 1296
1672 395
319 1344
2361 1943
1312 1389
2389 2447
821 836
1428 2537
2680 194
2377 2048
195 755
2110 2637
1486 2276
860 2541
952 1781
761 2490
62 175
2731 2381
2396 1005
744 1144
1703 2675
470 1759
2677 2449
562 964
19 2640
1701 2611
386 1132
398 1233
2050 942
1226 400
1424 269
1775 610
1460 246
2317 2631
679 1836
2147 937
96 2033
1489 1190
1493 1680
1502 459
1816 2262
1787 568
2452 1855
1446 2575
2476 1406
1209 2305
819 1306
2539 85
1854 2250
1774 183
1531 1188
1708 1411
944 2607
95 156
1277 2452
244 1211
1500 714
288 1527
2060 165
2512 2025
1085 50
2254 1422
935 1476
57 356
1605 456
1088 1570
1737 2269
2537 634
1684 243
1358 1563
1488 2590
1654 1933
2228 1449
2536 2036
461 2445
1037 1703
1814 2420
708 73
1991 2668
1191 2259
702 1106
943 625
1155 2707
2253 1740
1720 346
1173 2372
2281 2337
544 2218
1834 1697
671 1042
1849 2539
423 1216
2178 953
1815 870
2154 1266
1562 2587
1913 1890
2079 2729
2043 700
1065 1039
776 53
1604 1333
566 2681
1967 1262
964 102
69 248
730 1738
1349 902
2424 2568
833 1664
1233 1936
1521 2448
1735 148
766 1100
1338 1753
2176 2438
906 174
1558 551
593 681
2061 1618
430 1101
1015 2700
545 618
128 1436
918 63
884 2322
324 2400
2631 2042
1239 1081
394 2009
2116 547
2444 2529
2585 1621
1052 439
313 2657
2561 1508
1764 897
684 1428
1734 259
657 531
1823 642
487 2349
1067 2129
2334 2083
2108 33
2296 1552
608 894
1082 1776
2644 2005
2718 2028
2305 2207
1501 262
1223 1948
1831 1638
956 72
980 2002
2355 890
230 614
753 1970
1745 621
839 749
94 2625
468 684
133 1784
1259 1752
151 1968
1204 157
1801 413
1153 2151
2088 1159
1946 1413
600 1124
808 2510
333 137
2199 668
2033 1688
1682 1601
646 1594
528 2053
1922 2074
788 903
707 1837
1409 918
2299 392
1675 2264
1030 786
2564 1022
910 2214
1084 2370
2722 2183
1033 552
771 87
1915 2446
1386 1739
2177 1352
1687 513
1659 17
2114 2184
887 2163
1876 2319
1989 892
846 1908
2025 2126
353 1280
199 337
2698 1791
1623 863
1926 1298
1934 1751
433 2562
240 1789
1658 482
2630 1079
1436 1627
2711 2118
1819 1374
1707 1287
2720 1903
2405 477
1027 1072
2343 2515
253 345
2023 1900
764 329
484 1681
1078 1871
659 2142
1281 185
1619 2346
2538 1966
1228 963
1300 2221
613 302
624 141
1886 1849
977 2094
1540 178
2648 2732
371 2041
45 2677
911 2532
825 1181
1402 632
810 2143
2076 2003
346 223
65 1969
1369 712
155 1648
486 1761
2685 872
1808 1116
2732 212
2359 602
1060 117
793 2065
882 1035
1125 1977
1433 1103
2304 2318
2370 2123
813 2534
2504 1798
315 1332
721 876
408 965
122 1130
1589 1240
2633 1529
2488 1553
1447 1189
1258 669
264 1246
475 412
459 1271
224 2412
116 2497
451 1168
768 1207
2195 2593
393 2601
1445 2252
1043 502
802 1045
2450 1191
1925 802
1365 1526
337 1608
817 944
1462 1148
424 2725
1109 645
1390 1061
1954 1986
498 442
290 2605
2113 1838
521 2441
1561 1390
321 2057
1069 1234
1585 2688
843 654
1496 704
2149 315
1437 1331
718 218
1545 760
865 1454
215 332
2592 126
1421 1278
32 1068
676 558
1468 1653
1373 2317
895 146
973 1151
1317 999
2457 805
697 1886
214 900
1347 94
818 251
1454 2719
1719 182
365 2428
1051 1957
456 2697
1809 759
1231 1881
904 338
2212 1257
1539 1063
247 998
1968 2573
2647 1695
2635 753
949 1129
2282 2103
126 1040
1621 725
1807 2480
612 860
1344 2495
1325 895
469 804
762 1217
1821 948
2400 990
368 119
335 996
2270 2430
357 2619
2186 1624
2336 195
434 574
1320 1764
2106 1376
2520 2329
2523 2457
121 1857
431 1284
586 1783
1016 1684
2170 347
1020 706
1405 1772
2130 702
840 2717
2491 462
1306 2090
377 39
2616 1019
293 2234
2455 811
1156 2155
807 1840
560 1768
1372 2224
218 1340
1553 648
1678 497
847 2476
1927 2095
2129 840
1580 940
801 889
2483 48
719 1091
1122 205
2638 2644
1885 1096
992 2680
143 1682
1747 140
301 580
515 2
115 711
599 2516
2214 1404
1238 2315
1282 501
1116 1267
1222 878
2710 1319
1290 2550
1262 11
449 2409
1252 567
1524 768
2120 1698
2115 939
79 176
1942 2554
1074 647
1513 2685
2035 1663
1917 2099
955 941
583 2208
851 1102
1150 2606
567 893
1889 799
1697 2121
1962 131
471 1316
710 1209
1535 2660
2503 882
606 1543
2142 1636
1403 1888
2319 2567
814 2705
1638 871
84 1929
618 64
809 252
1649 471
2231 559
550 662
1901 2390
2708 43
2069 1820
726 504
1049 1085
2606 1325
1382 2478
28 1925
559 353
2155 2077
1129 2691
2379 152
1618 83
342 2653
1057 1398
2505 988
1176 1633
2256 2176
2414 1029
1479 763
1376 1419
361 1472
1980 1549
1763 612
2435 478
609 1051
71 1907
490 1121
2036 1754
1894 479
2307 1678
1476 912
2302 2282
1686 914
444 226
827 1979
1824 523
1022 729
1698 387
2632 2552
2160 1803
716 2439
686 1268
1497 2414
811 234
1414 1568
163 2260
1836 2498
2658 920
1518 1612
2383 1629
1432 70
445 1457
1568 2313
2156 121
2029 966
2456 1407
243 2035
749 382
2470 2504
595 1894
1612 2612
1606 266
40 766
198 1300
182 1937
261 852
437 2339
2729 305
378 81
1870 2581
1514 2081
1188 106
1229 848
1958 1893
281 484
554 641
1852 866
920 1547
1981 608
823 2651
832 2211
427 2286
769 2542
2608 1541
1552 666
2490 633
1041 1823
1275 1385
1710 201
59 1387
529 868
1279 2223
740 2388
1802 908
2174 1430
1964 1156
1024 823
1817 2238
275 2727
522 2404
2243 1623
2161 12
1998 2071
2553 1585
2288 2722
644 1494
2620 2130
419 1815
775 1381
1827 522
2717 516
2 132
536 123
225 1944
2443 683
2607 510
1313 808
1284 1123
2499 160
2003 296
2570 1660
1955 1767
565 1987
171 815
2189 2384
1778 600
12 628
1963 2054
1850 1559
2286 221
2026 2354
1984 584
1785 2716
2109 2383
2260 362
2550 1431
2291 731
780 1069
2134 1551
1637 1451
2374 1819
1864 1145
970 2451
2728 1955
577 313
2085 79
939 1532
2092 932
743 785
635 2678
854 1714
2366 1143
125 1371
917 1588
966 2579
643 661
1867 2654
773 1906
504 1245
1075 1770
2426 8
2528 1370
2362 865
148 1990
1268 461
803 831
1434 936
164 777
2667 2713
1487 2599
2681 2362
1614 620
1766 555
805 1504
2099 1013
54 589
2038 1282
1826 1410
842 2175
1198 2622
292 1403
870 2043
989 1162
2432 1016
1294 1083
1061 2004
2672 207
1640 2213
480 2101
1187 2344
1727 403
1657 2244
524 1011
539 2689
2290 1399
4 1670
1888 1007
772 1076
1771 203
2619 2695
1786 1997
986 60
245 1353
2588 1223
1256 2331
2437 190
683 1117
1646 1716
1978 596
1837 2540
1652 1368
931 145
381 16
438 1846
2568 2254
2690 2509
1148 2047
2272 739
1272 1583
2163 1796
1359 690
1789 319
2403 665
25 1830
2234 38
109 783
283 2275
1144 1646
598 1293
113 609
252 2084
2557 982
1469 905
2655 2265
2679 1442
2386 992
2020 744
2204 2333
1379 163
174 107
436 1041
907 331
1420 1438
1972 280
896 1901
1941 2551
978 28
1163 2131
502 1521
1124 1996
2387 801
1304 324
447 1088
1160 2241
1100 832
2346 2616
1080 1048
326 2348
1413 1065
2007 2266
413 1650
687 1429
298 335
830 1208
557 772
2611 810
645 1242
1622 1896
1632 1998
1504 2096
592 1179
1641 1952
455 1747
711 1677
1452 270
835 1034
1517 2517
1199 2336
655 1275
2522 438
1331 1473
1755 2594
1415 724
1794 230
1243 1742
656 877
1953 2394
1040 2024
2397 99
2223 771
1560 1868
924 2102
863 987
2634 1052
2573 1049
2329 421
207 2373
1670 258
2318 1569
641 2701
1706 282
2716 1365
1668 1477
2185 2109
2495 197
1643 592
2535 884
2365 440
1181 1721
299 1064
272 774
200 891
2078 214
1644 301
20 1619
152 923
138 2251
1630 2363
2164 1424
594 6
632 1817
725 2068
92 2643
798 797
597 2089
1873 1889
1045 1726
1662 564
1564 2608
37 1416
1741 1008
2487 1183
2248 2340
869 677
1776 65
2345 2371
2590 2063
1890 2589
1265 862
267 2181
1475 925
496 1393
2269 1685
2689 2382
1449 562
1342 679
2196 1616
831 2398
1551 1469
2229 139
2347 239
274 1875
1151 1137
259 1318
1288 1947
2508 1769
2664 1036
439 2115
2392 930
14 2180
1881 44
91 429
258 2505
2218 1180
2521 2462
1717 1917
739 978
1034 2247
1525 1256
1351 1870
915 267
400 1171
1097 773
1869 514
2082 2220
1210 979
270 411
1600 754
1119 561
2691 455
35 623
878 284
1473 278
2447 249
158 1744
1257 2075
682 1659
1541 2280
2049 2597
2150 1593
2217 1003
1388 2676
1184 812
1919 2006
596 1628
709 279
2275 217
491 2522
1607 2417
1704 1294
1547 1728
2131 100
2524 698
73 757
1474 2481
1026 111
1073 396
1399 1244
958 1032
213 2557
1389 1613
722 1014
338 560
2563 1566
2268 1299
1536 885
1726 828
754 2157
44 299
1339 710
482 1074
1825 1127
982 1010
2298 598
1520 762
922 792
2251 1935
2236 1090
664 1654
1490 1495
303 89
2415 993
2004 1425
999 1077
1417 2703
1381 742
2039 1448
765 1845
1378 646
2157 1879
1021 854
670 790
227 511
2458 1241
1416 1004
2600 781
951 1113
1328 1679
1165 1046
64 463
1384 1818
2028 2197
1471 2051
579 2437
86 336
2311 51
2066 1856
2384 1822
573 2632
2137 1598
2412 1465
2008 2667
1994 2456
2238 2375
2265 1025
785 921
984 615
1610 839
2656 1522
332 1384
1483 1226
1961 2357
928 2271
1316 1992
1203 545
1884 689
1251 389
2169 388
265 1603
1556 951
202 952
1295 481
89 1778
2613 464
1788 2549
312 1926
1023 219
1865 2385
1070 2073
2579 1774
877 904
673 318
180 2724
2220 1914
70 1363
1750 869
189 2209
2501 444
1665 2464
356 691
759 76
1660 2614
540 487
1375 1453
1482 1309
2032 320
453 1539
409 22
2277 2571
1573 535
1491 77
1690 2229
625 2113
1957 1800
140 875
685 1622
2645 416
1523 2426
1571 220
30 1308
2122 422
2075 1963
479 2338
713 2148
1466 985
2080 695
1891 2415
2325 671
1158 2058
2502 1502
2306 62
1971 96
993 1758
828 202
38 1452
2492 2586
289 1651
1677 1092
2515 720
2591 1735
454 2425
1914 1642
2629 1641
639 2314
1297 2646
355 1749
1093 1534
26 294
1647 2663
974 984
1696 751
1430 1938
511 1204
159 2620
46 1418
1810 372
1182 1536
2167 2167
1905 2212
2077 961
2401 814
1718 2527
2010 1656
2666 699
422 1746
1557 2132
1206 1218
1398 2306
2144 1777
975 2629
1559 1941
2526 1196
2657 643
1767 524
101 495
2117 717
2042 915
1174 237
1936 2172
634 544
501 1989
1700 383
304 740
1956 2702
1062 983
1629 192
33 934
268 1548
250 2635
1599 467
724 1186
1494 2076
2540 1895
2015 507
273 867
2552 738
1937 1806
2316 813
1883 2674
1186 286
824 2325
185 154
995 268
1757 2623
1871 1080
2599 599
1633 1950
543 1982
1197 1723
2135 2479
2053 2588
1515 351
696 1839
2480 1264
1230 2198
1844 825
2263 4
1982 198
960 1136
2200 323
2013 277
47 1584
11 672
779 368
1307 1199
2421 2200
1318 417
219 1722
425 1959
1465 1967
1522 994
1555 1607
139 2671
1756 2484
1444 2019
1337 2488
322 2453
2558 474
287 924
1911 2528
1944 2511
2151 2499
2462 622
742 2642
1171 42
2715 519
2040 1263
733 2709
476 701
2467 1657
941 2436
83 530
129 325
134 1301
714 1669
402 1037
1752 1260
320 10
2165 434
191 525
2509 2093
48 1227
1874 1073
117 846
478 1347
2292 1295
2382 1357
2271 1782
1574 1343
1260 576
1903 1303
175 1432
17 1518
135 1164
2559 2379
763 450
2107 2633
1102 1509
41 907
650 2603
555 674
1340 1489
477 2564
441 2256
1495 1804
2295 1671
1965 57
1346 308
1856 168
1671 1940
2498 2429
1470 590
1959 688
741 227
2041 1706
1777 101
1178 98
107 793
1932 1586
1973 1790
2517 115
239 402
1086 1392
1679 1788
1485 66
2596 1801
927 1668
1195 321
2380 1254
2445 1517
2063 2249
605 2206
2602 253
1266 2696
2126 2553
18 981
1676 1565
210 360
2481 113
1276 1006
2584 1853
1361 1981
1765 816
1736 881
2474 1614
2623 1310
1758 2531
166 2546
1661 2233
193 206
2055 247
674 2257
1364 752
1997 355
1081 1575
2545 538
2057 369
1301 1567
994 1470
1859 2253
29 2591
1811 58
2700 435
278 809
620 656
1298 849
2285 1369
1143 1439
305 1507
347 2486
2484 1786
1481 1604
1235 271
1492 1220
2463 705
2416 2350
149 1797
2360 1712
2166 1345
2128 1702
729 2146
1910 765
630 469
2385 2391
647 2387
1603 1544
162 1707
383 1843
1733 2327
936 1810
816 1794
1404 1689
2615 1487
604 2190
629 1550
2301 2440
443 1202
2194 2182
1783 2569
2589 1930
435 95
862 1496
1236 2389
2574 1460
1008 2645
1121 673
2556 295
238 926
1565 1289
232 1249
9 2736
306 2202
1985 2294
2586 569
1715 68
2594 2718
1455 927
1406 307
1928 1329
1330 1852
1207 232
280 1056
1722 1276
123 1360
78 1483
1744 1503
2146 593
929 418
631 2177
2181 685
553 1459
568 1038
1897 627
2547 2487
1695 1225
2542 1463
2446 1954
2617 476
494 1135
2111 975
1394 92
1784 1172
405 2187
1688 2178
1278 1821
1352 2502
2408 713
2139 534
145 1147
542 1931
5 2507
2197 2704
1237 2641
1095 1891
1940 2477
637 375
251 2300
901 1643
661 224
2530 2673
1872 2013
1334 667
1071 660
2707 1323
812 1802
1575 2107
945 1912
2162 2045
2726 1084
82 1873
534 949
194 2290
2287 316
1189 1510
184 537
1427 97
323 1808
2249 2396
1528 1251
1169 1700
318 1515
2675 2106
2466 2194
781 1956
220 2330
2222 1805
2022 2361
61 480
1846 424
1385 565
2064 1760
63 2174
2357 61
276 549
458 727
1443 378
792 1485
1046 1150
1791 1531
1247 1765
2086 2392
1829 989
841 1491
1183 91
120 1067
2182 1480
1002 144
2321 1658
853 2661
1866 750
2331 1833
1694 465
77 800
968 1733
1149 2536
97 1554
1357 1587
1714 1711
10 441
1136 59
1397 2240
2411 1089
845 363
2674 2292
2624 1166
2235 2092
1348 782
314 187
2083 2405
1947 1261
701 1277
1395 1426
732 1673
2244 1115
2713 380
569 2380
2338 1315
1681 847
2706 913
2475 162
2532 748
183 986
1170 1224
1538 1692
967 631
2279 289
102 1863
908 184
339 31
651 1250
1699 2000
2511 2431
374 1328
367 2628
297 970
2011 2543
695 575
897 532
669 2418
1175 457
2692 1630
2598 2105
203 1322
2140 167
1345 2195
549 2044
1636 82
2637 1799
1309 1626
1974 1228
786 428
1429 1421
1039 291
1615 225
2449 2535
658 1279
1127 2086
1862 348
1438 1107
334 650
1851 1435
2242 2027
465 845
1115 1158
757 1355
392 2580
826 180
1576 47
13 1864
760 2296
382 887
571 830
52 2242
1992 2368
1478 2525
1790 2267
1391 2600
2141 2289
2497 2624
98 116
146 1812
2478 2125
1418 300
654 853
2344 967
1411 888
1335 1606
1898 179
1419 2078
2017 1757
2703 24
1601 1307
1286 2366
1592 973
467 1732
919 55
2464 2312
1949 499
636 955
836 896
1549 2111
2364 264
891 2082
2047 2188
1759 2711
2721 1187
1383 1978
962 489
1200 756
473 1324
1202 1501
1929 263
998 1792
758 7
1529 1358
100 1831
1692 644
2152 1149
2213 1973
1079 420
282 1378
948 1596
2587 570
85 824
1951 1338
1054 493
2350 883
1138 2454
1362 1031
1986 1848
2733 2670
396 1396
81 193
1537 1212
2216 1286
1861 1632
868 2170
900 2284
619 142
1249 1027
2225 1665
390 67
1595 1560
892 1447
2046 917
2682 1493
229 658
2433 2011
672 2639
751 997
736 1313
1533 594
806 1899
2312 397
1900 2039
493 969
1324 2710
888 483
626 127
2019 1122
111 1230
2240 399
1341 191
161 260
2736 2141
519 451
2009 655
2610 1730
1018 910
233 638
75 1043
997 578
829 492
110 1867
1250 1446
1572 2617
2394 2127
1567 155
2626 425
391 2648
727 1098
2398 2399
2016 528
1795 1461
1426 2726
1114 1114
1077 1500
932 229
2701 1026
1800 272
588 2582
1439 138
1847 928
1167 124
1550 2341
15 2708
923 2468
2663 2001
2226 1118
1591 432
2565 1108
1090 1140
1806 2307
2289 293
2513 909
774 303
21 769
796 1247
1999 78
2649 490
850 391
1159 2367
144 1562
373 2503
1216 2215
277 436
271 2050
871 1519
1227 1639
1014 2712
359 2140
648 822
1063 2309
1582 2467
221 1375
1303 1297
2567 1599
483 2679
838 1985
2525 398
1977 1964
532 326
738 1910
1157 1177
172 2291
1650 2097
1598 1464
209 2023
692 1835
31 2018
704 780
728 1763
1172 2406
890 150
2413 2613
755 2402
241 1666
1356 349
1945 1972
1108 35
1830 1960
2582 1350
1299 2634
366 577
2002 566
415 1409
699 2369
1287 45
1311 2015
217 1383
1360 256
622 2408
205 287
1645 358
558 343
1371 859
141 2598
616 1976
1579 2422
1380 2664
2068 1330
1731 1490
2693 1163
859 2682
2482 2274
1588 829
474 1652
1314 761
2548 1445
2309 1367
246 2114
1212 686
6 539
2580 236
204 1475
1912 2513
2027 833
2673 2520
2014 687
1542 2010
584 2166
889 2558
472 238
119 1141
505 1094
416 1364
1950 2547
2625 1920
633 161
1780 2506
2239 715
228 290
1753 104
2683 125
1909 496
1887 1304
2603 472
680 1274
1208 2576
2030 728
1729 1138
234 114
2702 1715
2695 1478
2337 1440
2300 2258
418 2604
1512 2158
257 1139
499 1258
2089 933
1013 1535
548 2237
1111 653
2081 2687
585 386
343 341
55 241
1042 359
2668 929
563 1000
1602 2443
2112 216
731 2299
2555 2658
551 2038
797 2228
2123 2235
2572 515
1463 1231
2121 147
1132 1919
2158 1718
1467 1884
706 1878
1131 2730
2021 1412
883 1002
1232 379
1634 649
981 1525
178 1456
260 826
791 1540
2551 1581
352 2602
1326 1851
1451 419
1145 1538
546 2080
1691 767
514 1701
410 2459
715 1655
899 2323
340 1640
2233 1229
1353 2040
778 1995
1038 2386
2516 1814
1781 27
723 1523
372 2615
1868 460
873 254
2688 1841
1180 2560
1246 2374
1516 1854
1152 1807
623 1160
1322 311
2168 1731
2562 798
330 2029
2018 2332
2612 2217
2534 591
2627 844
2407 2137
1105 2483
2661 2295
1407 2561
1293 1590
2705 1497
1213 1165
379 1779
1164 517
662 601
1993 583
2659 1939
165 619
834 2555
1880 29
1055 1904
1761 723
150 26
403 2193
507 135
1044 1408
1996 1057
1918 587
291 211
2643 861
1828 1320
2173 2364
237 2279
649 2731
2554 37
80 2230
1285 898
2127 1975
266 1809
1713 1514
717 1070
2609 803
1896 491
2472 2159
1878 1001
770 1983
1743 1993
2341 1466
614 676
858 3
535 636
815 1704
190 1766
1221 1750
1841 775
2070 1974
263 250
43 377
903 1832
1620 1380
137 1667
2342 2012
442 2308
497 365
1680 943
2581 1213
2544 958
1594 670
581 1339
1908 1462
2486 2268
2368 2395
2575 2288
527 1645
1895 692
1508 1932
2187 1962
1453 1311
448 2124
1053 1691
1047 1024
1970 453
2719 1377
2393 1023
452 1537
2104 1905
804 2021
2686 1195
406 1125
1096 2079
242 454
375 328
1120 611
926 1737
2569 1203
1969 2122
317 741
2640 1131
1139 2351
2352 2491
1669 1400
1408 588
2209 2160
1333 1813
1578 172
466 1582
1308 2310
1031 503
2549 448
1154 1727
256 1729
196 255
690 2693
2514 2335
965 2572
1126 2435
844 143
607 2281
286 806
177 2119
1218 791
737 408
2402 394
1011 1708
552 2153
2332 945
420 1288
201 414
2529 2650
1906 1062
694 2444
1642 244
2206 1030
1072 2150
481 1672
2699 1210
2367 1600
1245 1945
1893 850
2280 1961
987 959
735 1499
2654 1379
1923 554
1683 2655
668 86
1366 2596
2438 2139
2297 2694
336 1693
351 2345
627 1719
2723 506
2219 41
2093 675
2143 1771
1584 518
212 181
1858 1921
170 265
307 2683
1107 15
1196 1471
1104 1683
1441 950
1355 2433
2687 1273
1032 1748
1094 1674
506 1528
2356 512
2283 69
1857 2595
2124 735
1140 1110
591 2465
1029 40
688 1876
2031 1015
2100 1018
1526 2410
933 2636
660 281
1593 1644
2052 819
1590 604
285 919
2507 52
1431 354
2378 1362
1724 2205
2098 2171
1162 2017
756 384
262 1713
916 2423
693 2469
1484 2411
2595 118
2179 2413
2065 1482
2404 1386
961 2416
136 1572
1201 779
50 2583
794 312
1179 1093
1635 1248
24 1589
1563 437
160 2069
2604 2355
979 2298
2322 1828
255 1865
1685 2037
2328 1047
1569 1134
1001 1321
132 1349
2184 1524
2671 770
2087 2401
525 716
42 2706
2136 112
940 1395
460 841
169 947
885 1597
1625 2056
2709 2533
2084 2471
1323 333
2221 170
2459 2545
2310 1580
1770 1511
934 1327
1546 2049
2406 732
617 2470
1010 314
2479 19
689 2526
864 2246
2037 90
1609 283
2496 2020
872 1516
589 980
512 1773
1570 972
795 734
1611 1372
1048 2117
