3737
2416 1015
2753 3706
1252 3011
1423 1991
512 3002
2112 1743
2939 514
1410 2996
1751 1822
3515 177
1736 3735
2030 69
3462 1598
117 2324
69 2358
1797 1761
3101 595
527 690
3578 1506
387 1019
662 1673
1620 949
3006 1823
2954 3056
674 3172
1780 497
1576 120
915 1212
1929 136
937 2007
2647 1387
2047 3090
2767 2854
1335 3086
2469 1519
2263 366
3412 3458
2726 1235
2738 984
2976 1470
1451 2436
3639 1186
3551 164
3458 3321
3592 1535
3638 1896
962 91
2390 1298
31 1192
2570 1715
1530 1975
1196 2257
2705 3506
3728 2838
3614 3543
2295 3370
3059 376
2097 3422
35 2128
759 3354
2115 227
3413 881
3361 1394
1267 380
2307 386
917 3263
490 362
510 1059
1536 1614
1469 2833
945 65
454 1993
2831 3243
1084 1930
3525 2240
2141 1521
3078 1902
879 1785
1647 1907
1819 2058
890 3195
739 81
3497 1115
1654 1912
316 2102
2641 448
550 803
1481 946
2628 1636
1798 348
907 2282
3297 1641
1699 3736
1388 3300
3136 1287
3107 3403
3431 742
37 1068
2470 2383
2082 2056
872 3240
163 3064
617 1075
3086 3484
1900 2032
1528 1546
2174 2221
926 3212
3092 646
2230 128
430 724
676 3093
1029 3357
1771 613
333 3386
1853 950
2523 2316
228 675
3621 1831
1630 2798
3559 1185
134 2163
3098 2011
1193 2875
1051 2247
1702 2581
746 725
538 3627
3612 2285
1554 1339
2493 1675
2096 2125
439 1129
1948 1795
2923 2393
2798 1236
1639 2003
427 258
1611 2710
3077 3338
2805 2877
2121 1163
2853 3577
217 3667
2819 301
3229 3426
2001 1492
2700 1878
2606 719
737 815
3154 1794
3569 836
296 1301
3216 63
3042 710
33 1347
3332 3390
1352 915
2053 314
1785 1106
794 2264
2516 1360
3627 588
235 992
1574 1323
624 1051
976 481
114 3032
664 11
319 3201
3418 1698
646 3350
800 889
3294 3614
1930 2562
171 2374
1071 1859
1642 1141
2098 1745
1974 2594
2309 547
1952 3655
3334 3232
2683 3630
1537 345
3487 1275
2106 2573
968 1086
3613 2657
2203 1094
932 1855
2228 1607
3009 3700
714 3412
1129 1773
2388 2922
3457 1279
3273 927
2693 2571
531 3081
1189 978
2152 2244
2695 1700
241 2931
2067 2002
3135 3486
1805 2876
1426 2279
227 625
1638 1493
2012 3395
574 1735
3197 361
53 3546
2279 2234
1732 1913
1449 2584
1420 1411
920 1044
630 1164
1596 1410
2812 3271
2285 2540
3243 3564
3246 334
130 3421
2662 2141
576 1860
1734 1179
951 322
1579 2404
3437 88
1809 1733
2661 2071
2513 2331
101 3728
2235 3619
1759 3544
2542 115
2543 2761
1172 491
1578 2962
3446 2921
3034 3363
2359 1798
3715 1181
334 2000
2739 1522
621 1984
2756 844
3641 2849
2810 2065
1612 631
307 119
2602 697
2771 3099
149 1786
1666 2112
781 831
3448 2371
3160 3688
1439 60
2479 858
3302 3501
889 654
747 1257
2327 2841
1298 1760
3411 3018
2540 3696
3173 1178
1349 1781
3516 2313
2859 1558
722 661
2464 3423
2639 2899
2711 1451
1229 1932
3435 1131
2384 3483
3268 1242
3203 2095
3610 357
1934 1481
770 2905
68 1331
1673 434
2425 1502
2604 1063
1312 2014
1558 2457
2099 1671
263 394
2039 535
1038 3726
2453 3443
821 2799
2449 1901
3090 1255
2837 2372
2501 1082
1059 182
2356 3589
2786 706
2276 1312
313 2498
2465 3289
3021 2160
2827 325
1218 3302
2667 998
805 3572
2404 2443
2310 1750
1913 3273
2684 2870
3011 3575
2330 1346
1356 1603
1651 3209
2759 2880
1220 2010
3272 2418
1656 2239
556 521
3071 226
1910 1647
411 1681
578 2365
1263 176
3238 826
189 2419
2978 3203
1896 3678
2502 2551
195 87
974 299
1028 1050
3477 293
1056 1313
3111 2985
1866 3359
846 871
2051 2634
3130 2637
1299 1353
1624 1707
1461 655
3000 3336
2789 1625
1190 3340
2296 112
3459 2370
1589 3637
1453 503
3319 2601
243 310
1523 2613
2080 2730
3488 2344
2808 2794
230 3586
2403 2729
593 1351
778 851
2041 813
3401 1645
967 2759
2633 2091
1184 1176
2800 404
1552 1204
1748 3123
3704 2083
2644 3582
3226 3130
562 3729
2446 783
470 1469
2456 1759
614 1448
3290 2228
222 3548
3241 1183
720 2563
836 450
2137 3519
1758 2688
2149 1587
3219 2617
278 3709
2763 2770
721 328
1064 2453
49 483
73 2417
1541 703
956 2466
2360 2060
2869 3120
1873 1537
2320 3006
377 2430
3444 3052
2777 418
2057 169
897 1524
2727 1774
2984 2720
1497 2232
2061 2361
3486 270
2017 3647
1082 414
1565 2605
807 620
2943 1620
710 1927
797 2867
2158 1066
1443 3013
2788 2814
1830 1632
3376 3464
2975 2690
1042 3181
1904 2908
66 3221
3224 787
3013 1374
3344 1207
2448 786
2486 579
542 3155
2029 3703
1061 902
3652 2123
2985 2115
3385 632
3108 2300
2986 933
1047 3592
455 3382
1882 1220
1418 784
1273 153
1073 2576
1386 1682
2010 746
3124 3452
2252 2991
1123 2521
856 2644
211 1103
295 2195
936 1173
1968 2654
3259 2591
823 2819
1366 685
3536 538
3563 94
3547 1231
1213 3525
1411 2353
1976 285
63 2942
2745 2154
1239 516
29 2774
822 355
990 1582
3709 1215
1036 2526
3586 2545
2900 3545
2019 647
3251 1581
3533 2745
2413 1906
601 488
151 1343
2833 3466
2138 701
2077 1630
2646 42
284 3650
285 212
715 1073
935 2476
2818 3048
1327 1113
2558 1992
2342 3145
2056 791
2990 1724
2690 1813
1993 2253
1707 976
2881 2297
366 2697
287 3663
1364 3262
1688 1994
106 2939
1801 1337
3711 331
19 993
597 2542
388 682
3031 1686
1622 558
1845 330
2982 2005
2344 864
1440 3596
2474 2743
55 628
2621 1190
2365 1520
3417 309
701 563
1245 879
105 1722
1712 3112
563 1891
2405 819
545 1556
3295 1849
461 1757
2467 302
3307 2934
2204 615
3232 1364
640 3076
611 3502
2911 2046
335 2789
2983 40
3442 3448
1499 2049
629 184
1194 3343
2324 3324
107 276
1179 737
1733 526
3308 900
176 3497
886 2074
2981 233
3264 3606
2032 1367
1561 3293
74 387
1157 3389
657 1078
458 2608
3252 2861
1276 2444
928 870
355 1610
2927 804
830 513
291 457
2654 3387
112 506
3058 1126
2960 3279
1292 546
22 313
3603 616
3562 667
179 72
3469 2624
2142 2175
2291 1895
3168 1384
1498 2408
1915 2863
2560 2377
102 298
2913 2334
2234 788
2849 534
221 2736
394 885
1462 1622
2876 3425
1262 2184
577 562
2027 385
2303 3661
2556 1342
1187 977
1687 2650
1173 1728
2720 3182
3245 2432
2217 2588
1358 1986
500 2846
922 2299
44 134
138 2362
2655 3317
3100 1020
2783 1541
3534 1934
3380 163
373 3327
1120 2561
863 2346
1111 842
3656 1650
1623 1276
1448 2631
3127 1252
1972 1821
3234 1366
2487 2756
2402 751
3471 2760
1828 208
1868 872
3237 1889
3104 3065
3327 3151
1078 2352
575 1596
425 1499
1781 3255
3142 1200
755 1017
2100 1854
292 3311
1464 2853
677 2623
1665 1218
1332 2768
3328 3329
1728 3507
1547 1808
1486 1765
1686 3323
3611 2494
2054 2246
1406 3409
893 1158
1619 997
1476 3153
2179 1299
2269 1250
615 186
1409 295
1271 708
90 2957
2223 1340
2626 1767
539 3110
943 3242
75 3682
3727 2263
1396 3612
718 3503
1341 852
2210 3236
641 591
3461 1024
835 924
2013 1425
983 1461
2293 1123
773 445
315 3668
3199 3446
97 896
1740 2652
1237 2940
204 3362
1102 2926
3217 1184
3358 2622
2081 1589
126 1784
1197 2580
2947 1616
3406 3304
191 1747
2553 2081
214 1151
1004 1256
2495 1706
299 2269
1683 3058
2565 2493
1556 3569
2517 2314
2574 1527
3225 684
116 154
62 3641
3040 2747
3182 539
867 1990
735 1879
1786 2909
2774 422
2183 2486
3721 705
216 2682
1441 1303
3414 1495
2178 3563
2435 3043
1580 79
1889 207
1742 1143
1203 1916
3527 2565
3212 2649
647 1657
1437 3657
1711 1857
2128 228
2675 197
281 3583
3630 2359
2615 1172
3223 124
1806 1111
535 2052
997 2456
1761 511
2211 2273
3554 2574
3634 3457
399 3057
1124 267
1507 1876
1549 1124
1219 2805
255 3727
1109 1544
1613 3685
2878 3136
1136 194
3027 3250
1531 3660
2114 1970
954 1900
883 2878
1920 2260
2867 1842
433 281
3227 666
1159 234
2969 447
1923 478
3507 1321
2736 1961
2530 2579
379 1843
1784 2684
2885 2530
2301 3149
3395 2425
2778 1778
175 744
1303 3555
717 371
2079 2951
2815 3424
884 1950
1103 239
2172 3119
2078 3237
1208 1350
971 2047
3169 3332
3565 1949
842 2124
2567 641
898 1783
3298 3114
1969 2205
2325 181
2154 51
1009 937
2676 332
2685 824
788 2566
834 594
845 1137
314 1070
1128 2829
1457 2156
309 3166
3073 686
724 3435
3575 2560
383 3259
2689 1478
2200 2757
767 2027
1221 2041
1088 523
1692 959
919 1264
3218 3734
598 494
2143 55
680 1967
3408 827
3657 530
3378 2744
3289 1056
3140 969
2563 3408
2772 3490
1264 1549
3626 1803
1984 2668
1468 2069
26 1138
1778 1003
3528 1286
3131 290
3003 3471
632 2113
1139 3227
3278 1550
3345 3294
1422 878
529 3194
233 2489
1708 360
852 3103
1277 1638
1841 475
2846 2981
3599 635
407 3079
939 2787
2670 887
1706 2117
384 2719
2242 1791
1066 1105
1479 761
2021 2042
1614 1888
984 990
1070 1921
192 3313
3409 237
3258 343
464 3360
1526 3704
12 700
934 3104
3423 3394
61 580
3686 895
2946 1484
2287 3356
859 50
1308 2702
322 763
3274 1969
1399 1228
3501 2389
321 3683
3075 2199
1903 1755
60 2062
2997 1088
3292 1373
2414 2956
940 2468
2926 3629
16 570
3239 103
3198 991
1807 2171
3680 814
3606 1357
1098 2916
396 910
3564 2879
2797 2896
2967 908
3427 2212
3204 837
3360 113
2584 769
3428 2268
2492 2793
875 2892
337 1047
2379 3230
1154 1593
1959 3268
1206 3296
1380 2515
3190 920
2289 1877
2998 3376
1248 1689
1311 2397
1382 2831
24 3252
2697 648
167 979
631 845
3179 1600
2144 3290
2450 1213
2246 2871
2006 2904
3681 1979
2323 1232
184 3307
3667 2088
3483 1841
2682 931
1091 1370
108 1532
1943 439
573 3487
2103 2587
3263 157
3002 3318
2995 3628
2349 893
828 1332
11 1209
2600 1817
3162 2307
15 139
792 247
980 3024
878 1899
636 3603
2585 3459
727 2947
2568 1526
1195 1416
756 3063
2551 2586
3643 264
89 2609
122 3538
3567 966
3052 651
2083 2255
1328 960
2757 3197
2631 3385
1012 2514
1714 3521
2117 2440
45 3108
3726 2525
909 754
415 323
838 1726
3645 138
3558 342
2962 674
2707 1608
272 1219
1894 921
3658 263
3161 1227
148 277
2113 2572
2860 495
450 204
2578 397
2952 802
2489 484
2838 393
1964 1688
288 2976
2999 3455
2529 2674
1659 1426
3220 2570
1512 3625
1764 1652
1621 605
1048 1490
2341 1918
2399 3640
34 2643
833 2192
2672 2288
2274 680
1090 2567
3321 93
1063 2952
2840 389
1504 59
240 3617
2387 1583
343 717
1977 1664
2519 3623
141 711
1916 315
1348 311
1010 797
899 3010
246 142
2824 2209
2915 2459
1951 3676
3636 928
1035 74
2321 1345
2002 3272
2956 2275
460 1977
2573 2888
3144 1754
2127 3192
2159 1711
110 2111
2557 1826
2787 2884
3430 1288
253 2929
570 943
1569 657
1216 1363
933 3133
2043 2516
1792 774
3640 9
986 727
513 104
3617 2675
3553 2998
2288 2766
1664 941
1459 2975
3523 2063
537 1508
3050 1701
1741 1595
363 2405
120 1615
3407 2552
3735 403
389 607
2938 1883
3211 1449
8 2057
1975 2943
1155 36
2653 34
2226 716
1769 1946
444 253
1275 3144
1315 274
719 2890
478 82
1575 1872
1731 2500
3416 1375
2191 58
312 1958
2016 638
1376 3164
555 745
3019 3162
3491 1882
2761 2259
815 2696
1040 1459
1720 3718
3490 2447
1258 3715
3582 2903
2917 912
2298 3631
1814 1605
52 1031
3024 2461
1756 2783
1979 28
132 289
1823 726
517 1586
361 2638
1735 2502
1738 1379
2363 1609
503 2248
3660 1768
2362 458
673 1203
159 2918
2220 3445
1838 2800
412 344
843 2368
799 1933
1906 166
1458 2169
2594 1380
548 3251
3356 1206
824 2296
2031 1956
3470 2862
2151 2848
524 801
1532 2797
2668 1580
693 1939
2627 3198
2823 2411
1827 2558
2424 3039
931 3658
2374 3684
1543 3167
3215 1084
3166 2084
3371 3725
925 2845
965 905
1718 1897
2547 2906
393 1136
324 2920
2468 2465
3375 1248
2281 2395
2125 2974
2652 1270
1721 2796
2302 618
2240 2312
3679 1955
2544 692
3676 1777
802 1454
2803 572
2092 3147
41 2522
3214 2746
3702 1678
3351 2485
386 1547
687 47
1600 1208
2070 2944
2490 3701
1501 3014
1108 520
1283 200
2025 925
2822 1572
3153 581
2942 2713
813 2881
1744 3141
938 2143
2992 2669
625 1769
1800 3219
2318 2852
1310 3528
3066 1588
2169 172
115 2785
1696 3199
173 919
3720 92
3247 2400
2717 806
267 1217
2971 1667
675 1873
1034 2054
816 218
3443 3673
3314 696
2538 3226
713 609
435 3135
1752 2048
612 183
1331 1799
3495 939
356 3349
59 135
2941 1148
448 923
2214 1853
2491 1801
2292 1439
468 1074
3623 318
584 1328
1542 2059
3164 2391
3394 3244
2591 596
3526 3595
3386 2528
810 1079
2170 1497
2459 2409
347 2708
745 608
3205 1962
502 1169
741 1274
2353 1552
3063 1868
3594 2536
589 1021
1367 3493
3373 3562
2186 1776
3045 1409
1657 2510
3097 2737
3494 3254
1723 2868
467 762
2430 1599
1998 2306
2897 3089
2271 3148
1317 275
742 3154
3014 39
1986 2147
1175 2706
2312 2467
2265 2606
3648 1152
726 236
2775 2614
1065 269
2630 1523
3399 2821
3438 2238
2015 723
3388 2851
445 2448
2216 3213
902 1005
442 2414
1339 1108
20 2481
2116 894
3518 1804
1546 3645
2074 187
681 180
1553 3003
1456 1000
1749 35
1137 1966
2572 2930
2779 1116
3573 3561
1138 1450
2426 2036
3288 3588
3137 1114
181 2533
848 2051
283 1168
2205 2953
1401 2250
297 2662
1861 373
2443 1464
743 3241
2945 3132
70 3437
2418 1195
1215 3059
2874 431
660 2781
1483 2292
566 2549
1653 1262
3390 1662
493 1864
2972 967
2209 2538
3583 2177
370 3571
238 3485
3737 982
1799 1386
3145 3041
3119 2615
2432 2355
3734 470
853 2725
766 2290
2510 3436
2925 363
1618 392
2714 2711
3541 252
3687 980
3659 3598
1617 1982
1716 3675
2417 420
2589 1007
2588 1035
2105 2741
441 3481
491 1923
1919 3036
1500 1687
1167 1119
1682 610
3607 644
3257 1485
2691 602
3673 1413
3113 868
2937 1548
1765 2482
1564 364
2133 2460
2219 1077
3717 3320
1763 2919
1202 2636
1142 1125
2909 2699
1477 2225
581 2403
1488 2214
3421 127
1093 1663
182 3622
3543 1737
2396 90
3285 3599
2920 3413
340 1263
1016 750
2934 3054
76 3160
1869 2897
1668 1069
3566 1314
2278 2280
2110 3193
989 627
142 3031
2754 1122
1023 2616
706 3009
3511 2670
1231 2332
1032 817
1525 2103
2236 155
1939 1180
268 3105
1 1132
2546 828
3576 2969
133 2980
1844 2902
1757 1305
2182 97
232 1013
1770 3017
606 3613
1860 2847
1837 3531
1344 1243
3587 2188
966 777
2702 1348
1302 3100
1701 3216
345 2189
492 3504
428 624
1322 1309
1077 2144
3463 2815
3736 1296
3410 2283
1858 1210
2863 3597
1988 3
3350 3651
1660 568
772 987
1691 756
2712 2033
1935 1130
3432 1639
1209 190
1854 2427
3420 2753
2036 12
528 1060
3035 3476
2181 1978
2660 1656
514 714
953 1214
3706 436
2887 672
1957 2647
213 2589
346 765
2748 460
1417 2954
65 592
1274 407
477 3159
3661 3299
3549 2315
3482 78
671 469
2525 565
119 1660
1628 2378
3670 1198
1171 2136
2343 1466
2507 2554
219 2452
3502 664
2520 1699
3270 1690
2950 629
206 772
1099 2764
318 1359
3628 452
3005 341
266 3515
447 1665
3266 741
3591 3584
2277 2773
2068 2758
2664 1555
2848 2893
419 875
3325 2883
661 337
3387 3532
1899 1376
1313 231
1089 2076
2462 1931
1917 1748
1629 1142
2592 1444
3664 1244
2148 3205
2531 2860
3305 1278
1573 2043
2616 958
2521 2305
1644 327
3065 230
308 525
865 3140
1794 1338
1375 162
72 1758
1955 449
3571 3419
1555 847
914 1807
3206 2866
1685 2187
1816 2531
3475 145
3574 3541
649 2680
2406 3314
1005 2464
1031 659
2193 2517
3476 1476
2868 1696
2871 465
3593 926
429 1570
623 1029
779 1187
2898 114
703 1234
2857 886
669 891
2766 768
2378 1292
2147 352
1808 678
1419 1867
1832 2038
2213 1304
2045 3217
91 1941
1857 1102
761 2469
2 2077
1205 49
696 3277
3712 3444
798 2386
3529 398
3192 1
1599 3315
1182 446
1973 2732
2548 71
804 1836
1330 3379
1134 2777
1817 1417
1394 1381
3008 1629
2820 564
1730 3127
40 3368
785 1730
2086 3662
981 1723
260 1971
3280 2825
1068 1658
3317 2967
685 606
760 1643
793 3267
992 2133
957 38
1181 1428
3669 3161
198 467
465 1311
944 1702
1306 1805
3349 1480
885 626
1052 1703
1256 3591
2622 1585
4 1121
1092 3179
854 2066
457 2655
47 3298
3478 3431
1329 2360
2386 2328
3450 901
1538 1628
2107 3721
501 811
740 1025
832 1154
2315 27
2184 2578
417 2564
2751 2471
579 903
2770 1036
1725 1022
694 1534
1269 3710
1704 2191
2894 2491
494 1751
1697 760
275 2301
1495 3391
882 273
1030 2211
1060 1545
1496 1559
342 2094
471 940
1192 800
2581 2204
479 778
3039 1402
1689 3021
795 740
1130 381
1815 2333
3082 89
1755 1797
2000 52
1224 2040
1174 656
2407 2148
2048 1683
700 3223
1534 785
1931 2008
3366 1531
145 2619
320 2294
2566 3207
1922 1626
3291 2693
164 3016
2076 3475
2481 531
440 2547
1518 2839
2686 3312
2732 3397
79 1271
874 2369
1727 3269
1636 2245
2526 1443
1717 584
1305 191
1057 424
698 3374
1678 3077
3453 377
2504 2632
3367 956
202 2438
2559 840
2704 3652
3261 2098
3510 3189
894 2596
1847 3659
975 1820
3589 2137
3079 953
2665 2429
187 304
1876 415
2733 3633
1075 799
668 2731
17 2625
23 1318
1924 2968
2835 733
561 3674
3342 307
1309 1424
1324 1032
1790 15
1840 1085
3694 1489
1684 981
2527 442
2071 1789
381 611
709 600
1743 2412
1054 3463
904 3187
201 2431
3194 3264
2090 3554
3604 1258
2703 21
3023 1371
2410 3122
2385 1995
2035 720
3183 456
644 1661
2004 440
2607 3035
1257 3358
374 3260
521 1727
1608 587
1241 125
1266 1771
1773 2387
1511 2986
2912 2735
1804 2765
596 2843
2478 1388
25 528
826 3248
1081 95
2136 1511
2165 1395
1994 1281
3352 3288
3481 2539
2202 2989
3622 766
3532 3291
2879 3270
605 1027
3306 1239
1238 1840
912 3045
2156 2645
1810 192
3036 225
775 2442
2708 1362
2155 3453
2834 3722
543 1937
3151 1705
371 642
1609 3335
1796 3719
3473 942
684 3284
2586 2196
572 3348
780 1462
1191 3539
3699 1851
1466 2718
1754 3593
3337 2158
2429 2837
3535 1894
880 1516
749 2068
3109 1948
327 339
1513 2714
1953 1040
3572 210
2044 1307
2948 1452
1373 2289
2267 2363
1818 1624
873 1712
2961 1133
1127 3310
2419 2475
2964 2595
1214 2326
3284 2322
2020 2497
1118 2715
2858 1065
2541 880
1227 2439
2773 2304
908 1788
3320 1405
1011 662
46 2155
3496 1839
406 3414
1793 3560
1679 1736
2723 2079
3500 698
2940 413
3029 3156
400 1268
2383 3472
190 3101
150 1368
702 2435
1265 821
653 1095
48 2277
1693 107
3415 2661
2345 508
348 1317
43 1654
2593 3439
128 2235
2974 455
1898 833
1945 2658
1320 2659
1950 1418
522 41
1590 408
208 1845
2094 3091
251 2874
3522 1004
2445 790
1947 3479
506 622
3311 2812
1672 1832
758 2394
2463 2937
125 1561
1444 1089
1044 1349
2721 1372
1436 1834
2102 2603
2338 964
397 989
2533 773
1228 3071
2698 3454
369 2366
1767 3468
380 660
226 24
98 347
1632 1651
2064 3341
905 2206
1452 863
254 189
1393 3074
2875 3707
1989 30
1291 1501
540 76
2514 1710
261 1659
1199 372
3186 2274
486 1637
57 820
249 2801
2856 365
831 854
1301 1852
1397 3218
2951 1919
1722 2176
2611 3384
869 2900
2744 213
2740 2335
3445 671
2634 1565
947 2284
558 2446
1698 3551
3560 3246
2314 3626
3719 1693
143 3514
1892 3601
3364 1453
3277 1438
3665 1211
554 3429
1902 2568
3705 1998
2366 1221
1307 809
1492 1814
1371 2775
3618 2375
2108 1194
3354 2045
2482 2025
466 1926
683 955
3070 2935
1890 229
329 399
2906 2582
2795 3026
2893 2936
3598 32
3323 2612
2914 317
193 1679
2140 2911
3396 3118
3580 419
3064 3594
829 129
2018 287
2436 1201
2528 2218
242 1880
3331 1716
2195 3186
2119 3580
3117 2532
2299 3206
2208 643
507 1972
774 1437
1415 973
1240 3004
3467 262
3419 2142
1506 640
1390 2421
3044 1104
83 1885
1113 100
1039 1237
2431 1098
1954 1968
1432 830
488 2329
129 996
1982 1604
1774 53
2569 2733
1821 519
744 722
645 217
3452 3029
1824 1488
2488 284
2522 1739
2725 122
3509 14
178 272
1389 3308
2160 206
2023 882
2373 2237
1901 3238
1450 835
3703 2535
1170 3028
1270 1117
806 793
1700 518
704 1091
3221 2179
1674 1793
3057 862
1383 2754
3485 148
364 3689
1158 617
2171 2061
3503 1260
3022 350
1667 3711
1132 3449
2953 3465
2199 1445
1148 2024
499 2080
1024 676
1567 1858
3037 1959
3605 2064
87 552
2229 2910
1246 890
271 3330
1482 2216
2696 971
301 3495
3683 2964
3340 3344
2198 1336
2656 215
2699 1649
3213 3369
185 792
2300 3672
1478 2055
3335 2252
2509 3068
409 2215
1421 1772
2549 3371
303 529
3093 3266
2762 3587
224 904
2850 472
86 2109
234 433
849 2509
3716 3163
2250 583
2674 473
2014 1973
911 3190
2694 2441
1474 2950
595 2537
2420 2855
244 2256
3015 2173
2167 2776
265 576
3635 1118
3733 150
382 2898
1597 3473
332 2308
1633 280
2958 770
2060 816
2024 732
2130 3618
367 930
1282 292
2829 961
1519 3286
1603 193
1325 1866
3016 1482
252 1223
1408 1874
1878 1393
876 3146
2212 1890
3708 2150
153 1960
2608 2022
2796 198
207 1320
757 2480
1284 779
392 1936
2427 590
1516 3347
2769 2105
892 1283
423 3620
565 957
1180 2039
1865 2241
2780 752
1249 1515
2352 1440
2722 33
2716 351
809 308
2618 502
2866 3540
162 2474
496 16
626 2492
3383 2607
3054 2100
985 2742
1164 848
2619 305
1150 1325
2924 2527
2658 29
1424 2120
1646 555
1156 1160
3283 1335
56 1623
431 1640
738 3111
1135 2749
209 3234
3256 1477
2173 2791
2088 3034
1983 3499
1446 4
78 2806
3125 1837
1438 1782
1616 3129
325 1875
302 855
2973 897
3091 1792
2841 2122
3590 3456
359 1685
3088 248
3271 1193
1949 2330
2262 1833
3524 2555
1960 1072
2454 3417
3038 496
1548 1297
1560 2755
2638 1039
949 2348
1428 2728
1094 683
1606 1571
434 764
3434 2894
2750 2170
723 156
3577 3654
1669 1557
2145 2705
1255 2198
1413 2110
2907 3723
2268 1302
1605 3211
1626 2021
3121 3400
3348 3233
3171 1199
1343 796
697 1752
3156 99
1086 1695
1201 2449
1588 2788
1321 2620
3465 3365
352 2013
511 2286
3276 2087
582 427
317 965
2028 2771
3505 1893
3336 2139
515 3020
1357 46
695 1139
2575 3249
1577 3037
2785 1579
3115 669
1912 2712
3158 1670
1705 3328
2799 2388
1940 573
2286 2029
1503 1988
3177 812
1022 1753
3359 1517
1351 2813
1961 209
2506 2817
1403 3196
1279 1280
769 1245
3106 2678
36 548
2817 3646
1405 2543
2364 2704
1856 461
1336 3215
3187 244
3353 303
3303 3066
2535 174
368 551
2218 1324
901 2546
2297 2887
154 3204
1119 3301
670 571
436 500
929 329
3588 549
21 2410
1053 2973
870 1611
2793 1846
2864 2495
3300 1049
32 435
1877 411
762 2692
3531 77
2993 1811
1572 3411
819 1110
3460 1838
2261 2031
3152 1770
2826 623
1571 3121
2162 3542
420 2451
2852 1421
711 2323
326 2470
1846 1694
877 2424
3637 849
1641 3276
2677 2633
3692 3165
3609 2541
2059 2311
2313 574
2896 1120
3424 1957
583 839
2987 2978
551 1423
651 1460
2256 2428
1395 2392
1161 2994
3132 883
2743 1496
509 2872
3484 1697
137 61
2471 378
546 143
391 545
2813 853
1140 486
3265 487
378 652
716 2748
157 2016
2617 2628
1253 3559
2355 1216
1259 2958
964 1704
3625 2317
2175 860
1521 326
3055 1043
2480 203
2886 2035
446 1568
837 1898
1502 1764
3150 2321
6 2402
2038 1233
2579 368
3155 1006
3123 1251
3087 1533
903 2320
594 916
2802 3080
1046 83
1491 679
403 2157
3099 3001
3620 3235
2131 110
1703 2222
3209 3469
2317 131
2692 3639
3508 1267
1434 3697
777 257
3230 2165
1594 2399
54 3665
748 3175
2322 2999
1999 108
2258 577
2614 2646
3382 782
776 936
2063 3511
3316 1914
422 1046
135 2455
2669 3530
2093 340
3062 1618
765 2966
2177 3492
1615 2325
2936 1666
2666 1974
2458 346
1745 3609
3007 1513
1372 3372
1116 1584
169 522
5 3440
613 57
1143 974
3468 1648
2452 1308
2890 1924
3255 2523
3157 3516
3537 130
1586 1780
2597 1863
2944 3069
2389 3351
3240 402
42 3664
147 437
239 283
3451 167
707 2267
3346 2172
2264 962
1746 681
194 1447
2861 2681
913 1433
827 2327
2635 2483
469 3576
3175 2610
2062 320
2398 1612
3584 1306
1524 884
2089 3393
2539 798
587 2927
484 2955
2376 3644
1280 2004
2891 75
2075 173
3248 2019
1007 224
2243 2803
3489 1862
196 3346
1681 2977
1445 3550
1839 3433
2889 1908
1101 2778
858 1396
3080 2126
1875 2982
620 1810
160 597
686 3415
1470 1241
1489 3570
2316 2376
2922 829
764 1475
3546 2416
1289 2824
1296 2266
3253 841
1776 1295
1377 541
2640 510
9 1247
619 3072
729 466
560 2630
1247 109
3083 1054
2545 271
1008 1529
1788 1238
2651 3087
1490 2380
2524 645
1145 1420
2339 1254
655 3524
183 2477
459 349
1147 578
665 1668
1772 479
2284 1294
923 2298
1789 1385
1829 297
1779 3107
421 2050
998 2779
1855 2303
3649 416
3642 1033
569 3535
449 1740
1884 2454
1966 1316
2192 1400
1278 1525
763 932
1013 388
520 2992
734 759
1719 2258
844 67
2340 1734
1318 80
603 709
3201 2752
3402 2988
1153 3297
3141 2096
172 1500
1550 1536
351 2672
3492 294
3301 1465
259 968
2394 865
3595 286
483 963
3114 2183
365 3494
1384 2691
338 2700
955 2763
1802 2153
1563 3717
1760 3405
248 1729
1909 1917
1043 789
1604 2479
2266 471
2336 589
2401 945
3200 1954
3449 2721
3049 3467
3689 3222
3397 2695
2613 658
1055 2882
2475 149
1463 219
1557 3361
3032 2750
871 117
1074 2780
3210 2138
564 1953
866 898
1126 202
1879 906
3389 1427
1177 45
2011 2873
1079 670
1412 3509
1648 379
2280 1731
1867 144
1941 1818
156 3442
1958 1542
77 612
2515 256
2460 185
3126 715
84 560
860 781
1937 3150
376 1076
2895 2698
2884 2912
3684 382
2283 1434
750 2265
2561 3381
3585 1407
3110 417
2892 1430
2161 1253
3653 2278
186 598
1881 975
3033 2679
3422 121
3555 1613
2085 713
418 463
1803 2229
3732 1766
2908 3157
2168 3005
3436 1290
803 2075
1566 614
1340 3693
93 3352
1568 2319
1404 3131
1121 3621
2255 505
3514 736
2194 1408
1643 1494
2066 3102
3233 2420
3696 2641
1787 935
730 3185
3094 160
941 3070
1337 2233
3697 2220
100 498
3723 2971
1709 1041
1813 2197
2040 1140
3286 550
2596 2001
1480 1865
3561 2677
3426 677
2511 665
2392 3139
3663 2511
180 1406
67 2093
2649 3610
2847 54
2816 43
2804 524
1165 1806
2412 367
103 1023
2845 1310
652 2340
2476 390
3236 1473
1895 2823
1338 2945
2395 3478
1353 7
3688 1008
3004 238
136 3600
2003 1171
481 2104
568 3565
1319 405
1493 3055
1294 2983
256 2738
225 1676
861 2818
1508 532
1992 1101
3372 1562
3616 3537
1014 988
71 1633
1334 2864
2580 2364
1655 650
2118 2520
782 2505
1726 1915
2361 702
2731 1071
1204 2261
3067 3460
1168 2422
1370 3447
113 2575
2477 1963
1183 2082
3405 2767
2902 1619
1049 1355
948 178
3103 66
2933 3579
1050 1300
3381 3687
1997 1403
544 316
996 3462
663 748
2776 1653
438 753
3001 2997
3540 2101
2290 1030
2505 1922
3479 1378
188 2445
839 3038
3068 1742
993 324
2421 220
851 843
2734 2318
3579 86
350 758
2232 62
3650 1389
1217 3247
658 1567
1680 1684
3403 1691
1268 2338
3608 1510
3181 517
38 3705
344 3566
1260 2231
896 3730
30 1067
51 245
3333 1045
2109 101
2612 3635
1000 776
2294 693
808 126
1033 951
855 1182
791 151
1125 85
2009 1634
1487 1134
2632 2501
725 1856
1671 3188
2905 1738
942 1159
3498 1719
2603 1081
3296 3632
3701 2772
2977 1717
3707 2965
2499 64
1112 1146
1515 2663
1151 468
585 3134
1559 1042
1831 507
2124 492
516 3115
3499 2826
820 2739
1454 3033
3544 2694
2185 1713
229 1564
2305 1569
3545 3333
3493 2660
1942 2820
731 1419
2104 834
2111 1847
2715 2085
2752 3695
2367 944
2351 3253
3651 3615
2965 141
3318 3590
3464 441
85 18
2087 2923
2791 2458
3069 2131
1833 691
1965 3095
375 2913
3433 1861
978 2550
1944 501
979 2703
850 2915
2901 1358
1178 2072
2371 2210
2828 2850
3193 553
2681 1097
362 2529
1290 2434
3134 425
3668 1709
969 3634
212 3450
1293 3642
1812 1055
1795 1456
3398 1392
857 3488
3456 3256
236 1467
2473 1057
1435 2287
1652 2914
2919 2490
2609 296
667 892
592 3049
146 2548
197 3096
3713 2844
518 743
2380 1631
385 846
64 13
1037 250
732 1887
973 2709
3128 3656
2005 3380
3615 1830
3439 1528
1212 1680
2381 3410
274 2484
358 2504
2629 3109
1985 2769
3644 2635
3118 712
3368 2152
416 3025
1529 3605
688 3143
1510 2740
328 3174
1095 3265
3718 223
3189 401
2760 3210
1002 3643
2332 3418
1314 3581
1110 1487
1087 593
1041 2140
977 354
2306 2666
341 3331
3208 1498
1430 1225
3632 2203
2877 2181
1131 734
2706 2723
2755 3375
2562 1161
2735 3353
2196 383
1852 152
1602 2802
2532 1942
3322 2078
2073 2145
1695 2271
3538 2373
1825 823
1368 2865
1198 2685
2249 242
1928 3526
3710 3042
1661 1578
2854 688
1316 2597
2244 2350
2781 2149
2434 429
220 909
482 1554
410 3574
1304 1175
80 2174
643 3480
604 3733
532 3073
3690 1018
2319 2067
519 1344
1956 1787
1169 2891
622 3653
3392 3508
2163 1929
476 146
1286 543
2042 1627
1149 1189
1885 3567
1473 2590
305 2
1414 2015
1509 3097
3698 630
1342 2053
3167 2213
1963 3128
1932 421
170 2437
2851 1725
1236 808
690 2656
786 938
3724 1762
165 2168
1936 2116
1105 3228
1544 23
205 1815
2765 1431
474 2869
158 1903
887 106
1933 1551
215 2398
2870 1987
3056 2924
712 3117
2724 3322
1540 3416
2537 3406
817 2671
1585 2810
2830 1399
2659 1886
2643 718
906 2859
489 278
2996 2503
1811 1741
733 2707
3370 3686
3267 3364
2254 1128
3139 2185
2052 474
294 395
104 3699
2259 1415
27 3239
1176 1621
1675 3023
2055 3636
2346 3367
127 68
2790 749
3542 2073
627 1266
3671 2629
1820 954
3631 1202
1360 3547
1067 1099
2832 282
3046 25
2663 1718
3504 3510
405 994
3324 619
2966 133
3429 3106
3222 2044
1658 2987
3244 260
2187 1989
952 1997
1211 1976
432 3000
231 1147
1391 1606
3654 3432
3341 22
1076 3520
1058 2276
2428 2979
131 2513
3196 888
3120 3523
3 400
2253 1824
1925 794
1288 2020
2485 866
1429 1910
1971 2478
2247 2687
2227 1905
161 356
7 2507
495 780
708 3731
1851 1319
1962 3040
3556 147
3400 3173
991 1672
3147 464
2642 1062
3480 3339
3170 2026
13 2734
3148 1436
1522 3702
3184 1816
3287 1985
2782 2611
2058 807
633 1341
692 3061
2623 1196
237 2724
1326 2243
2231 755
3474 873
918 2161
2461 3692
2637 2727
1185 1479
599 1259
961 1947
1363 3168
1433 3225
2433 731
3693 1514
2873 2938
2224 249
2447 37
1991 3278
2466 527
1677 914
3730 453
1163 2092
1254 118
2095 3616
1001 637
1072 222
1003 2592
3178 3180
1362 730
1583 240
1649 300
2357 1512
864 1157
3138 1272
2809 3602
2865 601
1250 98
3146 2202
3369 2673
3600 559
1402 2302
1863 917
3279 2518
525 17
2741 132
2564 430
812 3373
1990 1155
3685 3325
1392 1383
1980 3170
3519 3019
2931 188
2648 1229
2959 3558
1272 1326
3731 1996
2624 689
1762 3169
1888 1577
841 1951
2457 2034
2135 1744
323 116
293 96
210 261
2916 2164
3557 2208
1122 251
2139 728
3393 454
395 3407
753 2146
3377 3257
3391 1012
610 2857
1287 554
2409 2828
1978 2182
2455 2556
2442 3671
280 2219
1887 2178
1467 2840
3304 2119
1365 406
276 2135
2949 438
1350 8
891 459
452 3608
2758 636
258 3401
868 2309
958 1904
1750 384
2134 1285
924 1090
2590 907
404 1920
2577 3191
504 214
3282 1145
3202 822
2046 2224
2275 2293
1782 1083
796 291
1104 3142
526 171
3374 1779
3629 2816
2377 3015
290 2379
2742 3245
3163 1026
2033 1884
2645 1277
2746 1812
2842 1674
1737 3116
3550 2223
1233 1135
1141 2106
2164 1093
14 2341
1539 1646
1285 2108
3312 2835
1188 1952
2190 1827
2636 999
1222 2653
2072 604
2368 3549
2334 899
3552 3694
1517 2281
3355 795
1427 3552
2673 859
2484 3529
2197 1327
586 1170
1938 2762
2657 1435
2980 533
1020 2807
1359 1504
3143 3690
472 985
3149 2114
3329 3220
960 1590
557 653
3275 2604
1484 2907
3357 1329
2679 3396
3513 2488
2512 3716
3455 489
3133 211
1146 353
2932 3126
2382 1442
3601 825
1471 1092
1166 1938
1407 26
279 599
549 254
123 1870
424 2134
1232 2809
3188 2960
2331 1575
408 1540
2238 687
534 161
2007 1999
2146 3334
273 2194
3309 3388
1369 2310
728 1746
2439 3430
2498 972
1378 1361
3028 2450
2308 1273
1018 1635
2497 432
349 3281
3310 838
3520 2626
2248 3027
2508 123
1398 105
3666 2885
1551 370
473 1935
1374 1096
2713 2959
930 2129
3176 333
3030 639
2576 199
2358 3088
3379 2012
336 1602
2120 2426
2496 2970
2153 73
282 409
3682 2433
2994 735
1946 3084
970 2795
1295 3062
679 3679
1244 3355
300 1191
1911 2018
771 2009
2737 3573
3633 3125
1850 2262
3517 1763
3326 1844
487 2367
2595 3085
2687 2990
2806 1486
2843 2683
3053 232
2991 216
3018 1928
2101 1354
3096 2354
3548 2995
1200 1592
801 2037
3596 2627
2970 2804
2534 1825
2282 1708
2215 2382
3174 1835
2988 2413
3041 2473
264 1543
2273 1369
3084 2028
463 2291
1631 2462
2241 3461
3647 1909
2257 477
3185 3398
3025 2159
1019 2842
2552 3275
1400 1566
2882 1064
1921 3585
2918 396
2688 1162
2084 569
3293 1352
3521 2886
1235 2557
1045 221
616 1509
2678 1356
751 312
505 2577
609 1721
591 2895
1431 509
1097 111
1207 3720
959 2249
3017 3512
1472 1965
2728 490
1874 3078
2821 1553
1485 2963
3646 1230
140 1505
1905 3261
553 929
2494 1153
3619 1597
3089 2808
1914 1052
3425 2751
144 1563
401 2534
398 2345
1447 1001
3472 738
3228 603
3700 3282
247 1404
1251 1573
414 1869
81 3047
357 3489
783 3183
2598 1800
1627 2070
3262 1156
3165 512
1598 1058
1355 575
1908 3171
3061 970
203 3677
1535 704
3672 2390
1893 1530
1849 3178
2957 1414
311 374
2587 3326
2423 2017
2625 3337
590 2339
2188 3345
2811 1246
2440 3513
2150 566
3313 1983
3112 1796
2503 2618
1545 3383
96 3533
2050 3670
2921 561
1333 3482
2237 850
1766 2463
58 3649
3695 805
2839 3527
2719 246
1926 2664
1870 3208
2671 1177
1080 462
1592 1749
982 2827
1995 451
1927 3438
2929 2856
602 2006
1114 3434
250 2834
588 2166
1243 2651
3384 695
1848 3713
787 1112
2372 2602
987 1269
1582 911
946 70
39 3611
2157 2984
1645 1166
3677 995
3581 3138
2270 2836
437 1574
82 1205
2272 2217
2123 3392
155 2600
3440 3137
1345 1422
1650 1315
3060 934
1637 485
608 3404
3122 3285
508 663
2329 3428
1186 3420
736 2524
2451 3578
2022 3177
92 1911
1886 391
1281 2722
2583 721
3722 1802
3231 170
1533 3698
1346 2337
1859 2792
2034 165
262 423
1494 1871
1907 1463
2935 3498
916 2496
1562 2941
825 2832
3260 1809
862 235
18 476
963 649
2928 2121
2129 2790
618 1291
2408 739
1354 3470
2899 3505
1297 1474
666 140
451 3638
654 2640
814 1150
199 3214
3085 3030
995 1034
2008 2151
1520 3518
1210 1655
1425 3303
485 1692
1640 832
456 3681
28 544
656 48
3655 265
1834 1720
372 3607
1836 2118
1347 3053
2260 2167
1768 1617
2221 3669
2201 2701
3195 2226
3026 2162
1864 3258
3281 1226
650 6
607 913
691 3309
1777 2107
2422 321
571 2961
269 771
2650 536
2400 1165
3729 10
2768 1061
2391 3491
277 3366
3602 255
754 2928
1100 3306
1918 2351
331 195
1670 480
200 3732
2599 3044
1085 1677
99 2236
2550 2948
304 857
1783 515
3129 3124
168 1401
635 410
2091 279
1226 2901
888 3316
2680 2423
3447 2519
3043 1412
3338 1457
2337 1981
2836 1458
847 2621
3365 2559
910 3022
999 2784
3363 499
1607 948
2122 3708
3020 159
306 3176
2049 3184
353 1240
1230 3229
2862 3451
3012 2384
768 2207
2369 412
3678 2336
2065 3378
1017 3060
818 1455
1663 1560
2955 1016
1987 1377
109 3283
1713 3691
3597 1819
177 2689
1225 1429
580 542
3159 1943
840 3200
1826 1382
3048 2639
2855 3094
1694 359
1775 2499
3714 2023
2472 694
3249 137
2749 1197
1822 1829
3116 2676
2554 2193
895 3158
1107 1980
2176 2932
2709 1471
2415 2349
3362 338
2370 869
1323 2099
2333 874
426 1945
2825 634
1015 2254
3675 2242
3662 2190
3512 1441
2814 1188
2989 2127
921 2782
1083 3553
2571 2227
3299 775
3250 20
1505 557
1891 266
547 1002
3530 2598
3172 306
111 1642
648 3051
88 2089
699 2130
1862 2030
2784 2925
638 288
2206 3046
3568 1591
2910 1964
3624 369
3081 810
1387 102
2225 1261
2180 1432
1242 1149
678 2553
3105 556
3074 2593
881 1644
402 2342
3441 3050
3072 3287
1465 1282
1162 1322
2701 1828
443 1107
298 2200
530 3737
1970 2508
2222 3113
533 426
1361 1048
1133 3496
2411 2917
3330 2569
223 3648
1300 747
523 2585
1144 2295
1715 2401
994 1669
3191 504
790 3604
752 3724
3102 757
390 2583
2311 1446
245 767
475 2993
2441 2642
552 952
2979 1468
1871 1144
972 2949
453 1011
2354 1576
1676 1330
2968 2472
2304 2487
2166 1925
2536 3202
1160 1539
3076 1293
1455 3152
1527 2889
3674 443
2710 2544
2239 1390
811 268
1601 1483
2747 1491
3095 3067
1026 1249
784 3098
1027 861
270 5
628 3666
2189 1391
354 3517
1710 918
2729 2357
2251 2090
257 3500
1584 1289
2730 3568
3242 2786
174 3012
1690 2180
682 876
1625 1009
3539 1940
3725 2381
1096 3083
1842 201
2393 3556
2375 1265
2904 31
2801 1892
480 175
310 1080
2437 633
1835 1601
689 1028
1416 1334
2582 3075
139 983
1460 243
1724 1756
3691 56
1662 2251
1106 3474
166 44
1739 2599
1570 867
124 3231
1967 2811
2037 1503
3207 3274
2903 2648
2483 3557
789 2972
2069 922
1635 336
2347 3534
3269 3377
705 1518
1062 1038
2328 856
1981 2717
2844 2343
2883 1100
1475 2230
2518 537
900 3536
1117 1053
2764 585
536 986
1385 3082
1791 1944
1897 668
1025 699
1261 2512
2026 3712
1381 3305
541 2830
152 2270
286 1010
988 1167
1595 2097
637 1222
2245 205
3339 2396
3051 1087
1591 673
1514 1365
2444 179
642 444
1442 1127
1069 1398
634 1397
559 1714
2397 158
3454 3680
339 3402
1006 2132
1610 1594
2601 2385
1753 2667
2555 375
3010 335
1634 2347
498 3224
927 319
94 2822
10 2201
2326 1037
3343 2415
659 3714
2132 2272
1223 2858
3506 1472
2792 3399
2880 3477
2620 1848
1581 707
672 3522
2350 196
462 567
95 1174
2438 540
289 1850
3404 2933
360 818
3347 1538
3466 1333
118 84
1593 3624
50 1790
2963 3319
1379 877
1872 729
950 3280
1747 3342
1996 3092
3570 2716
3254 358
2872 582
2807 259
567 1732
2605 3008
1115 1224
3235 947
2888 1507
2794 2686
2718 2407
1152 2506
497 3441
330 1284
2610 3427
218 428
3180 3007
2233 3292
1880 1014
639 2726
2335 168
121 19
3047 586
1587 621
1883 2186
3315 493
2348 482
1021 3295
1234 241
2126 1109
2930 1775
1843 1881
413 2665
2207 2406
1729 2356
2500 2946
600 2086
