5926
2070 4484
5575 1011
1890 3216
4486 2444
513 3429
4405 5721
560 5056
5886 1733
5192 3416
5553 4488
2437 2962
5906 3856
4076 4187
1484 3411
3280 5245
5267 5149
491 4328
4827 4088
1396 4349
5747 4495
1525 389
710 3725
548 1349
1545 5023
4520 1794
5343 1198
4774 2930
789 21
996 289
3749 5817
1575 3099
5794 5067
1871 4026
5112 5895
2053 2028
4428 1109
2021 3874
3074 5580
719 603
931 2340
4348 426
2792 2861
537 3420
2627 5060
4598 2299
4363 3090
108 2239
1577 5918
2101 4938
4035 3990
695 4394
116 5007
356 2427
3025 1894
3962 506
2111 4956
1280 4130
4216 5750
3345 3601
982 2660
3209 1957
164 2793
1743 3616
5508 4953
5728 5206
4904 3157
652 954
830 1304
401 5870
4701 1353
2332 2697
4944 3545
697 3906
2419 172
5901 3083
5924 3539
5807 3806
2688 5014
1036 4543
4466 885
4352 3953
5204 4756
3647 3649
4493 3025
4833 2782
2775 542
488 3579
618 2455
5399 5143
4342 1356
5550 2041
3099 5711
4811 4150
3756 1803
4808 3759
5129 972
961 1312
568 2572
1378 5742
1652 5639
56 3992
5480 3645
44 3527
5491 674
838 957
5135 4791
5681 3013
4374 2225
5755 398
2028 5880
811 5910
4555 5795
3358 4149
4472 2601
4237 3475
2847 4136
2364 5518
130 207
1567 2554
5594 2449
3056 5565
4232 1414
2728 444
2748 3729
5542 5342
4418 5590
4495 2200
5226 2591
1126 5919
1367 4050
1998 5814
4432 3620
4166 4966
3886 1156
5607 5156
2633 2613
4118 1310
1751 3963
2725 1429
3216 2693
1359 54
2057 1663
5376 1778
4176 2047
2297 3904
2961 3047
1181 2798
2846 3296
207 988
684 1807
1965 5317
18 5555
5787 430
1440 3115
4671 4097
1947 339
1889 4357
3561 1386
2977 447
3707 1168
446 2594
3606 469
522 5250
5078 3336
1321 1808
4752 349
4785 104
4974 2876
641 4221
5635 2118
5077 3331
5136 876
1477 4043
1388 3063
4336 1162
2871 311
3335 1420
5465 3583
4988 1835
786 5689
4462 5102
3936 2163
1140 977
2336 13
4002 5305
5371 700
873 1517
810 504
2497 4411
102 904
588 2361
2946 5052
3251 677
3058 5907
2679 2048
2240 3381
3105 5099
15 4483
2593 2082
4819 5685
4322 2524
3104 1013
2440 5554
4279 3636
3331 2630
3876 4876
4521 25
4143 5344
558 204
2927 5876
5101 4732
4439 2171
1715 2136
1164 4139
3117 479
3893 1112
4626 2897
306 4185
1192 128
2736 3491
2004 2441
3529 5005
1549 1866
2824 4752
4962 4014
1142 5841
959 2119
4656 161
2296 5034
5899 1759
4458 1861
96 5726
5344 4429
1816 4081
994 3893
61 3556
4288 5691
2078 993
201 3067
4522 1640
1934 764
3563 1525
3089 5280
3224 131
2122 3314
938 4101
2025 3403
3955 4444
4271 1079
3042 1324
2139 3652
3094 2083
3491 924
3472 5640
4426 3427
5576 448
823 2150
1949 790
2362 4893
3626 1877
2340 3127
5074 2880
3496 5699
1544 5872
3835 1062
4926 1298
5236 446
4964 3455
2959 3060
806 5259
2708 5488
3902 2595
3909 675
3293 596
1929 3827
3087 4181
1564 4736
3246 3824
2538 3200
1366 4482
2411 3867
1414 662
5201 5730
2550 4531
5746 5368
2292 30
4791 3916
1585 1299
445 2935
3762 5403
5354 1123
1301 1262
4679 4750
4303 5624
1087 1446
1279 3973
3244 562
3530 470
2173 1567
4386 144
5568 5148
3430 3872
1338 2715
2963 1066
4242 3878
5402 1132
17 1774
5389 527
757 4932
2872 4423
4954 4758
5168 2746
5457 5531
4690 5875
1951 320
5665 5323
4276 5698
4519 2894
4689 5779
2928 3559
2392 173
739 445
1355 2005
4248 4424
2156 1174
5355 1374
2031 4901
2208 5184
2910 3540
93 5599
3811 3843
5021 2377
5390 2301
2770 703
851 3020
5515 5713
4592 3629
4097 5852
5069 5629
1047 653
2773 3688
4043 5670
4747 210
4659 1852
259 2952
5888 3075
181 3737
3394 2419
4262 3814
4331 3826
1717 5705
3227 735
3136 5785
4453 5064
369 685
573 2751
4853 4697
2614 4987
3562 2882
343 3033
1454 1314
1411 3178
182 3163
5501 5893
5658 1869
2077 5147
5006 695
4203 3650
405 1141
4378 1549
4786 1628
2124 3247
2917 3193
286 2458
5010 980
4532 5738
5356 3355
2470 1886
5540 624
2399 5212
4171 2288
1968 3085
3245 4241
4185 5676
429 1820
5309 5334
5153 2823
4738 4512
5240 900
4768 533
2026 1138
4696 1463
2827 1461
1725 712
154 5159
2585 663
862 4140
3148 2241
2046 3003
2248 191
3281 3562
3038 3205
4935 2438
295 2439
716 1230
5237 1542
261 4510
1392 4106
5068 3177
1011 5830
664 129
3069 2450
1361 4677
2771 1383
2428 31
387 5803
2932 1666
120 1923
4054 1115
3414 4762
539 2367
2858 1592
3135 1457
5353 5468
5178 5265
5744 4116
5522 3426
1462 5146
678 3326
2705 4988
3864 3364
1894 2727
1711 5366
3800 5763
4921 907
1609 5505
331 2300
1232 5130
2948 4906
880 3578
4595 3831
926 68
74 4199
3297 1941
5227 5886
5009 546
2224 214
5484 1200
4539 3041
547 2835
1696 894
2701 5769
2090 4968
541 1042
4903 4946
1230 1543
3488 5605
2042 934
3351 3194
1654 4058
1287 4684
2372 5514
4460 761
2279 4727
4871 1464
685 81
5403 3496
455 3558
122 5308
818 246
3588 5662
2386 5777
4970 3655
305 5294
2179 2638
3619 5868
5342 4347
4198 364
5303 356
5164 96
4579 453
4855 4602
1346 290
1858 1006
650 710
4951 1479
1116 2974
366 1477
4484 3590
3314 4430
3755 477
5458 3129
840 2090
2273 4128
124 701
437 4036
5211 3284
119 407
2479 2866
5526 3792
5050 3542
5352 2721
1620 3942
2644 1134
3479 1031
2271 4967
1247 5135
775 1830
178 1736
461 5171
4890 1075
3470 5338
1170 5598
5172 5138
1363 2088
4645 2826
5223 849
5775 3408
3890 3533
5719 1053
3002 2191
4311 5269
2891 4818
2071 2567
3279 3625
3593 3282
3633 4123
2415 2742
2923 2521
3316 5372
332 1946
1540 3266
5557 1332
5149 316
2875 4549
440 354
51 2346
4487 3309
3407 3130
5002 4936
5477 5464
2976 121
4917 1471
3478 5408
877 2481
853 1576
1101 4030
4940 4904
5776 884
4461 302
3247 5708
4573 3120
4419 839
3805 898
5803 1190
136 3860
289 5618
4892 2848
39 5914
4916 1860
1664 1872
3438 2471
5268 5079
5247 1990
1191 2653
1305 4800
2950 5909
5446 5647
4446 4631
1273 1731
97 1599
1649 5478
1529 3859
4413 4254
465 544
4492 5256
5125 4477
1000 234
4745 5332
5320 610
2049 5532
2186 3181
2654 1351
4178 4142
220 3239
1044 5232
3119 87
218 1263
1038 4381
1194 3594
4586 5636
3678 2982
2718 5600
4639 1149
1599 5496
1478 3679
4945 90
4397 1173
4872 1426
2359 3241
3185 513
3947 1844
4688 4949
532 5042
5618 609
4153 5301
5279 4898
5437 2274
2996 2463
1482 5072
2995 2107
195 1756
2221 1218
2048 1460
4036 1485
3863 1099
4230 4031
2999 1058
23 4922
4037 3180
1001 1239
275 1831
1255 5320
3641 1037
4919 2597
3146 4874
5024 5415
964 2122
2640 5679
1444 199
432 2407
662 2670
4978 5577
1671 1534
1076 2098
572 518
4565 958
616 2671
970 4091
4956 5840
4887 901
645 3244
5028 1329
2238 3143
2198 1703
5782 4583
1850 4456
3640 2056
373 1786
4705 560
3505 923
13 5276
1574 1914
4769 2116
5840 2219
3917 4919
3702 5208
552 2039
2207 4269
4498 2577
1514 5364
782 5833
1683 843
2791 4287
5382 3035
603 3912
341 4028
4078 381
578 2081
2763 1655
1105 3675
5914 3610
556 276
2024 4506
250 4343
1276 3449
3092 1594
196 5048
2937 5024
3973 4521
4708 1303
99 86
2935 1724
4009 4115
3196 3106
5073 4291
1465 1638
2458 1682
4135 754
257 201
3339 4313
2687 1540
2066 5116
4713 3574
1821 2714
1503 652
2553 4802
2123 4278
1499 1256
3954 1603
4759 2966
5578 2618
1233 2603
4103 1306
4793 2244
941 1826
4561 1470
4587 5890
3849 2874
4590 1977
4889 4570
2289 4601
4218 4228
5241 2726
4027 529
5889 3512
2942 2627
4749 4721
3908 4379
78 1108
1554 3064
693 186
45 1846
4079 2645
5410 3313
3726 1537
983 3412
3763 2765
4194 3575
745 5087
4247 5755
4398 1264
5363 3656
4973 4079
3740 1838
4756 5718
3645 2184
5027 3564
385 1214
1840 747
5412 1490
87 3077
3532 2933
1422 3018
1100 2309
3779 499
5693 2780
5062 825
2641 4545
3110 4817
3379 4239
5499 2556
2115 549
5844 5383
4680 4801
3214 1551
3387 195
4401 1625
152 2075
1306 4049
4361 141
1107 301
309 1204
615 4374
1284 4562
1347 5706
1428 5922
646 3481
3486 1125
4053 1077
3460 823
2281 1245
1003 3054
2588 4271
937 5627
5748 5006
980 807
3023 5326
2993 1008
4476 2624
165 4958
3230 3834
4295 4892
3057 641
3215 4442
3605 5420
3141 1843
1960 2899
2529 4096
1277 895
3301 926
1740 2918
1632 2322
1435 1363
1701 2192
155 1398
4621 3274
267 1196
656 4417
1049 3432
3427 5536
5350 4820
2789 5249
3862 2534
1796 2770
2404 1467
4825 1999
1981 4661
2749 3119
2615 406
2113 3673
430 743
3170 2417
1761 4308
4513 270
5228 1653
194 2516
5504 676
3369 277
5081 705
1108 5724
945 4983
3156 3283
1429 2050
897 5239
625 4694
5065 1019
142 4002
2465 3586
3384 1901
5767 1171
4950 414
3548 2903
5038 3764
3997 707
4596 865
1755 4766
1381 4872
303 1437
420 3461
4007 2324
4845 5466
4339 2551
524 2732
1515 1687
3459 4060
1340 3804
813 5283
755 3553
3330 279
1594 369
4805 4268
2222 3286
2035 5045
2908 4559
5058 4940
5633 240
2921 2942
3273 1002
3049 2232
4275 4056
4354 3507
463 1634
2274 5859
1074 3176
5706 1672
4391 4894
2584 608
4199 515
3324 834
2288 190
3993 5392
2944 3576
2676 3740
4455 4367
398 97
5222 951
3668 4567
3711 3731
824 1528
3037 3108
795 5784
1012 928
1304 1397
910 232
5877 2680
3713 4745
3463 2713
1160 66
1906 4577
5631 5911
1937 1057
5086 119
5642 1082
3220 5621
4207 4415
2374 5595
761 4519
1650 3249
1919 729
1403 5405
3861 5429
4225 2160
4900 2133
5438 4418
4491 1281
4984 2388
3590 2492
1909 4465
2200 5057
4608 1984
3296 3219
363 385
265 2822
2416 646
4814 5248
4023 371
3320 5207
2745 238
2060 4867
803 1522
4416 1354
4728 5865
4534 3134
2468 4330
228 3617
594 1829
602 2057
3903 4790
575 1378
1703 3297
1907 1981
5714 2570
2623 1344
908 4282
3768 673
3006 3132
3801 1335
2933 881
88 1246
157 2453
1636 3111
2776 2884
683 5522
1950 3602
5860 2258
1986 2157
4975 625
2951 5112
4809 5141
1646 5271
596 5489
1177 1935
1746 3076
3615 4107
5590 5867
4332 1651
3872 2804
5015 1652
4901 3678
2658 4390
1424 5101
1260 1366
5388 2415
5289 3606
1090 4613
3323 4186
5503 2093
3126 4522
4967 5657
894 3078
1243 498
3070 3783
649 143
4991 784
3403 5794
5419 611
2247 749
5473 1034
1576 1499
1079 5312
5523 862
3184 1858
4029 2218
3130 5467
5483 2688
5291 4975
3580 2295
3670 3722
2423 2610
3179 5545
5819 2906
3987 1279
1883 3001
2167 14
3151 4578
4866 2743
4067 1083
2065 986
4369 4962
1644 4744
5127 902
5597 3637
1532 1553
1978 2248
4960 328
1202 1896
5287 3417
1888 3786
2986 1249
2525 2576
1368 3367
2461 1301
590 3505
2073 4093
2956 1782
4986 3639
800 4995
3077 2213
5269 3358
2840 3802
4789 4815
4383 3515
1453 2583
1208 2243
5873 3377
1059 5560
4431 1823
4117 1136
5000 51
2493 2277
591 4985
1487 5354
3439 937
1568 971
2955 3220
5252 3588
2852 2917
2337 1570
3205 4169
787 2553
1034 4569
4531 2749
5892 5104
3019 3160
3810 2390
4630 3005
2335 5562
5108 4841
1788 124
3858 4457
1303 438
1534 3917
3045 184
2286 2222
4184 5243
2984 404
2117 717
5421 5925
1349 53
5784 5041
4905 778
2424 1627
4005 5140
20 102
665 5523
4861 3593
1434 3452
2234 5556
4228 4951
953 2756
2455 2099
3638 2342
146 635
5507 5240
5351 5749
2034 4295
4842 351
2280 3646
1566 5194
3411 2921
407 1201
3115 1130
2164 4976
2310 294
3694 4171
2863 2525
3915 2140
3495 2488
3777 4459
5867 4749
5674 4443
34 3012
434 292
37 2764
2926 2111
5121 310
2317 4765
1520 5869
5208 3822
2134 1673
2325 2051
2936 1333
5444 4597
5336 528
2650 5498
741 4557
5391 1879
2133 5866
5923 1153
2577 26
4843 2380
4740 4849
4637 4209
747 2616
2176 2533
3054 1546
2528 65
4102 4159
5600 565
705 4503
4953 4598
4406 3642
2747 2767
2215 2087
1189 5501
1638 4151
1873 2694
2170 2659
1033 2785
1404 2349
3084 5039
3014 5069
4999 4348
5644 3825
1480 5789
4208 2614
1149 4243
4485 373
442 5543
3913 4133
1222 449
1313 2759
2295 3010
1178 3641
2451 1959
5656 2435
2216 1947
2438 5080
565 3732
3392 281
4436 5572
1987 1631
5591 2246
4090 433
2068 5353
5723 599
2099 1103
5609 2286
2853 5379
709 4062
2087 1428
2573 5106
479 2959
2731 4826
4072 4382
2260 3622
3510 4248
5369 46
1356 521
2595 5157
2079 629
3492 913
73 3993
605 125
2083 3365
4599 3592
5220 3996
2694 3072
3935 1489
1736 4068
1369 4971
1054 3680
1408 1643
3654 5520
4098 3723
1680 1409
314 2669
815 5593
2885 5274
5864 3887
986 3780
725 5393
4151 955
67 4700
2454 1893
1069 4792
383 590
4058 2124
4877 3938
1886 3797
948 3483
5032 3544
4647 990
1145 2663
2924 4725
866 811
3520 4188
872 4258
104 733
1969 4909
5801 1493
2887 5615
3994 2741
5380 3293
5838 1424
3065 2229
2878 870
5742 3895
943 5733
5429 640
1393 4537
3272 587
5800 4789
5197 2224
2794 4627
2949 4183
1861 3079
718 4652
655 4915
2786 3902
3514 3571
4784 4980
3636 857
1463 2666
2564 4825
3177 305
2007 56
4133 4405
5856 1948
1957 224
3020 5858
3433 545
245 5860
4543 763
4132 91
3852 2042
1504 197
2323 3174
764 3855
2889 4532
4294 5508
3378 1258
2811 1828
19 1765
4206 4131
3198 3036
4582 4165
5092 4332
5626 3242
1569 3703
474 956
1548 699
1412 818
1657 4880
1730 2468
2063 3815
3716 1769
5386 2946
3127 5316
5698 5150
2022 694
2104 5479
5885 4509
5288 989
2498 2908
2799 4279
5820 3382
5479 2928
622 949
1150 3430
1699 3765
2526 4683
5198 5374
1114 1515
5545 1936
5789 547
4205 3165
5883 1504
247 3928
1285 1244
1386 4366
756 1658
4345 4948
2183 1679
4778 1223
5156 5200
5556 452
5263 1401
5676 2480
5048 5495
1985 5664
3125 925
2293 1590
1082 1719
4360 4428
1722 2892
3527 4205
3454 1589
352 5579
955 1080
995 3117
3523 4167
2082 5031
583 4077
3812 3093
5196 1331
4575 5136
1236 3861
3285 5727
4306 1734
3968 4755
4252 4104
2418 2664
4191 1084
2845 1235
3983 5356
1384 5656
1893 1044
2826 1997
5486 2540
1063 875
5187 1800
3192 2195
2671 1430
2314 4668
1144 2037
470 2496
1763 1973
41 3401
3093 3771
1523 3392
3775 1744
5018 1722
3079 1113
5805 3121
770 2766
4292 3124
3482 5421
2376 4322
5737 5667
3916 1597
3222 3945
1872 3201
1138 1924
4719 4392
2681 4501
227 5839
5102 2499
3342 864
4251 556
1467 5314
1992 5461
4480 3281
2030 2217
972 2207
3219 3466
692 2990
3879 1881
5464 3998
5349 3706
1493 4883
1127 2460
4750 3922
4382 5165
3767 4355
623 1358
3391 861
1705 2520
5773 1635
191 457
5063 4297
1829 1668
276 2298
5026 4210
1216 1767
5046 1405
3623 5653
4858 1308
5469 169
103 4346
3975 1421
59 3598
2856 4012
3286 2642
4488 539
2120 2996
494 1806
362 5586
609 2600
4508 2598
1834 76
1908 4887
2262 1007
2348 2555
4501 1752
3101 4912
4351 2148
376 3357
4723 5772
991 5419
439 5660
202 405
5132 3147
4020 4061
2704 3892
2427 5588
3441 2070
4385 1772
3795 3397
3782 2849
1431 5594
3719 5235
1586 3263
3180 4445
1295 343
3359 1023
2559 509
5707 1816
510 5447
2397 1746
5401 5434
3426 5688
1165 2626
4661 3712
5541 1164
1851 3225
5851 4963
4257 5509
4668 2348
821 3353
5110 360
4605 1569
543 5313
5586 346
4138 5086
5094 4197
365 510
5029 3919
2377 2544
5702 5512
5266 1739
5532 3839
728 1749
1151 1792
5828 4372
4879 2129
3487 1232
624 2927
3941 1098
5505 5767
4948 4944
2552 4796
1865 4201
1579 4645
989 3348
3723 3577
3009 5137
4622 3547
5243 3968
5225 3153
777 3402
3841 854
4324 1810
2184 2651
216 5153
313 2716
2106 2997
5449 1434
3242 2448
1803 3524
5745 4982
3901 2970
2524 2445
5413 5513
1026 237
5912 3756
4535 1965
3380 1187
4863 5055
2602 1853
5433 1122
48 2840
3147 2813
1546 2668
3734 2885
1175 5736
5511 2706
4971 2737
3088 5613
5383 5731
1596 5343
729 5407
400 4155
550 2227
1450 2144
79 4316
2861 5645
1121 2313
3085 5077
3990 2120
611 4775
292 962
5292 151
1502 5626
2674 3532
3556 5185
5799 3816
5752 5797
3278 5826
950 1916
2692 2356
2159 3485
5595 4681
5780 2292
382 2123
210 1751
279 1033
3195 325
3906 2562
4799 77
4083 428
4068 5782
1653 2408
5872 2405
3783 1753
3737 3032
4219 3478
1849 4664
436 5365
4678 2332
3797 3497
5910 1302
5033 4604
138 4032
5283 4216
4580 5224
2300 3889
1748 598
5234 3138
69 108
2429 3394
1882 1026
599 2251
3535 5602
962 3943
4281 5654
5727 1964
1902 3864
4422 3009
4018 220
89 1419
3030 203
5850 4753
3639 3600
35 4487
3288 3465
492 532
2657 59
4651 3262
1438 3870
4930 2907
4410 3158
3440 4296
3421 1055
3696 198
1670 4929
5054 3330
4906 4779
1571 4463
3306 1728
861 5363
145 600
3945 3744
1018 261
5697 3019
1911 5349
4946 728
5498 4078
5909 3094
311 2164
5273 4999
1250 2177
126 1863
3522 3139
5407 2530
4558 2319
1290 3531
1758 74
1245 2949
2380 1626
2094 571
1555 330
924 1695
2571 5396
272 363
3429 2775
1526 2125
3419 4399
1677 4089
2973 110
5907 2687
3943 4017
160 3379
5207 2791
2866 4070
2607 2209
2074 5533
1341 4650
423 412
1694 2777
1380 1596
4985 1587
4702 2792
3634 1220
3956 1623
3653 1169
5099 2847
3325 5181
5703 16
5535 2852
4823 4639
1634 280
5365 3207
5362 5550
5111 3463
3958 4902
4911 1300
677 3210
3790 3276
4618 3627
3050 4813
2591 3613
3142 4467
339 4438
2130 5063
2839 5173
2382 3343
4293 4141
5582 3948
5307 3749
4633 158
4170 2395
5047 5804
3509 2662
1319 4535
1624 2710
5606 4307
4517 1459
1735 1836
5312 3522
1020 1917
4931 1213
3173 2768
3483 3950
2188 2803
3376 4556
854 5211
549 4943
1698 5655
2665 3487
2014 3473
47 4389
4821 5384
424 1764
2876 2360
1032 196
3889 5229
3210 2149
3533 4899
2055 3346
2015 4253
4454 1427
912 3926
1240 5288
2618 1240
1662 4260
1691 1538
4008 3372
1161 2857
940 814
2284 5195
1613 5665
2698 1827
5777 1155
3422 2484
2394 4776
5011 2707
2388 2986
4464 2672
5436 4360
4636 5544
123 831
4390 1475
5544 2156
717 4235
3257 4763
158 5715
4105 2278
3964 797
668 3581
2146 3915
315 5570
2893 3255
3249 2673
4589 4413
3132 4309
3566 2142
1492 465
2639 3763
5169 2062
4998 5445
4477 4163
4686 929
3393 983
2154 2289
1383 2585
5070 4580
3013 4903
1900 2254
4711 2214
3867 2702
2365 905
2867 5166
3966 137
1901 1864
421 3333
520 4939
642 2810
302 5454
3100 4412
5671 1701
841 4640
193 2472
4119 1998
1665 4651
4427 5020
5497 272
209 1906
597 4889
5387 2302
2464 200
3233 2456
2472 1980
3366 2308
1275 2023
658 2203
4066 409
2849 4837
5619 4352
1310 1144
1071 218
5611 5318
2680 3482
278 5591
4263 3306
1294 5306
3942 5296
3602 3727
5808 1102
4551 927
690 1601
1853 317
5194 4711
638 4916
481 1170
393 4299
661 3979
2475 120
2709 1711
1553 4641
598 5455
794 1761
5654 1606
2255 1833
2226 400
1778 1260
979 166
4478 431
740 4619
3620 1654
1583 2814
3017 4542
357 1297
4307 1854
5051 5628
3995 2969
3071 2024
3832 877
3047 2763
5835 4039
1724 5362
3769 1182
887 1825
1196 3086
2596 1750
3114 42
5461 3753
3473 41
2346 5561
4165 1884
2530 2115
1203 2754
402 5300
4663 176
5332 3042
3321 4286
4512 100
5060 1630
3582 1888
847 1747
3732 3638
489 4710
3930 5815
5445 2667
1229 2494
203 782
929 5426
5418 5923
1174 4523
5790 27
864 3632
1035 1416
2243 4674
2305 5766
570 3048
135 2112
5891 2197
1961 3721
4371 225
988 117
4221 2316
1924 2032
2706 5915
4433 1547
845 581
1494 337
4735 2834
2684 248
3413 3747
2523 1926
1070 2467
5482 2208
1792 5792
5863 4212
3420 4122
935 2331
4463 5885
3578 3534
4186 2938
1186 742
4380 836
2441 2508
4412 2077
1042 4748
2100 2612
5087 1089
5447 4504
3241 1454
1375 3419
5251 2929
1401 2040
895 2865
3086 307
1095 4717
2463 475
708 5529
3122 2425
1921 4067
1254 5774
4388 2482
1626 557
553 5424
3838 5322
1716 3434
1972 380
3046 1612
5106 637
5826 5068
1330 408
3998 361
892 4571
1714 4941
2110 3287
5589 4100
4540 5225
156 2202
5049 3850
1996 1348
7 473
3874 4759
3504 5770
5170 2085
5639 1968
4243 4890
3587 180
1125 4986
3567 4071
1809 3500
4429 29
3821 322
1353 4795
4562 1899
2978 4784
5466 1585
473 3246
5616 2964
1251 3321
4748 1111
2729 2783
1706 1754
2373 960
563 4158
927 2579
1096 5008
3465 4112
3189 1278
1952 5541
4979 5252
3202 5254
3353 1481
2620 2430
3621 4520
381 873
2456 3040
1967 3738
2398 3187
5510 1848
1641 5552
4387 531
4140 2376
3892 752
3739 1845
2384 3671
4259 1556
5443 5234
626 631
3194 3550
4280 4365
2413 2936
882 3691
3669 3567
63 1748
1607 3612
971 5210
3250 115
3243 4713
4893 3258
2785 2446
2009 1337
2859 3383
2934 4162
1292 992
2837 4305
4329 5682
3545 856
1436 5010
2825 4192
1226 658
4760 2925
1050 1801
5478 5734
1562 4933
5804 1602
4139 3755
2155 5118
1895 3787
4576 5681
680 1920
1188 3658
4737 4238
5471 4679
2519 2267
3657 427
4574 154
4635 3415
2151 2762
4538 1954
4096 5303
3888 2363
4982 5359
185 2916
963 107
346 1832
3521 5672
4141 1773
4437 49
4003 1710
4283 3898
2783 1226
2675 3767
472 2760
2187 2617
4045 5525
2105 2538
1689 942
768 4377
319 892
1742 5152
3236 1689
1745 1516
5174 751
3984 1684
1244 540
4277 245
2344 2528
4373 485
917 5036
1171 4024
4938 212
2204 2794
3746 5144
2779 6
5370 1340
2414 1865
817 4410
2091 4797
2560 4666
200 3203
5299 4608
3158 5575
1925 995
5373 1362
2195 1385
2012 4110
4987 1545
3506 835
4347 1518
2945 541
5653 1557
5200 3502
1508 306
2329 2285
2830 2956
2109 845
5173 1966
4160 543
3349 109
5213 1874
5454 4878
1052 5221
5490 3900
888 2475
2299 3700
5637 2912
2272 1370
5075 2454
2605 2957
2043 5524
312 2273
4615 5457
2196 4994
2315 1809
221 3270
482 982
9 4386
3000 4319
4846 561
1159 2004
2979 5671
2165 1254
2085 4864
1836 2747
58 5456
1118 4913
3238 2977
2651 1373
5325 1770
4071 3635
4776 1851
1263 482
3365 219
5432 181
2038 3433
4915 2362
1682 5251
3710 336
4802 1393
4340 1191
574 1483
417 505
5416 2868
5338 2658
234 577
3501 781
1417 3068
4180 1322
4722 1588
2162 1004
1457 4846
5822 3897
3967 711
2383 3257
208 4021
4992 1775
1092 1500
783 3516
3933 1591
503 4397
162 2406
4743 1339
1332 930
4365 3624
2988 5473
3661 4471
4479 372
2513 537
5652 3071
2966 5047
1999 5414
3627 5103
5879 4129
2291 2423
2218 4676
4000 5189
3953 1094
370 661
5392 5358
4344 2549
3643 489
4965 4772
2210 153
4727 1934
172 1822
4695 4191
2230 4546
769 1621
5117 689
3164 4979
3743 5127
1510 4215
1922 3167
4670 4689
1539 945
4625 4761
5339 425
1855 2007
5319 2513
889 5897
523 4179
3546 3405
5126 1032
5735 2931
3144 1255
5572 1410
2244 3378
5634 83
2033 1323
3738 3668
5712 1644
4124 4137
2969 1987
4642 922
780 2130
632 788
3788 5778
386 3171
3584 1661
1155 2870
5649 2864
3471 5805
4684 5908
5577 5423
2174 5558
5531 1875
5573 3717
2062 437
4910 4584
3543 3208
1769 3962
2137 1505
5161 2270
497 1389
3267 4059
2664 4610
1839 3179
4197 4931
4662 1494
5017 3464
629 833
1291 73
1828 1688
5250 1995
3733 3925
1782 3935
4229 2375
2354 1465
1265 481
4314 1496
4120 2013
5733 3696
612 5078
2604 299
5908 1350
1959 2335
5487 4832
5261 2026
2306 1017
4773 5786
1040 5798
5140 4353
2389 5631
2360 2910
225 3693
1538 2392
4213 348
1507 726
232 4977
4338 2799
3709 3337
714 211
1938 844
5123 1873
3948 4103
5516 4232
475 2877
4134 2461
4064 3970
1498 3170
4822 1105
1712 760
4147 991
399 3172
4313 2436
2352 2926
3586 2951
966 2819
410 5853
2504 2168
3979 5674
2543 5848
2744 1535
3256 4606
3727 5526
5114 2898
2486 2466
1847 4398
3309 4921
4273 4257
670 2443
131 266
2638 3501
3172 1725
5265 2855
593 3146
2703 2863
949 47
5460 2961
4664 1503
891 882
2298 3045
5529 2736
3193 5412
40 2334
1172 5571
450 3548
3154 4747
4524 1364
4781 1343
2757 5390
2823 2965
1224 2924
2800 2043
148 344
3034 570
5144 2902
1407 1225
2660 2701
3517 4208
727 1783
1837 1049
1180 3510
5472 5231
4278 3769
1759 5608
3462 133
554 12
1693 3431
5524 1847
4215 4029
1023 3122
1300 5635
4588 1072
4730 5176
5763 1908
1733 5204
2515 3264
2433 1440
5282 4746
2755 3807
1588 4414
318 4298
2312 4869
865 3231
1718 1210
3660 759
3310 4023
5345 2778
1009 5016
5315 919
5861 331
1307 2831
487 2336
2737 1949
3072 636
3970 1502
4192 1143
5456 4990
2860 1686
4939 5197
2052 3443
4077 1787
1935 3823
244 690
3883 4217
4620 4935
3078 1412
4287 1795
358 1915
3375 4469
779 3484
435 4957
495 2169
1720 774
3560 5273
4725 4095
2636 771
3474 3869
5893 1387
1980 2027
4001 1921
5039 5340
4609 3714
2915 3964
5641 1126
3252 1095
742 202
3725 4245
2696 439
293 3261
4016 55
585 4621
1936 1824
485 4368
246 2772
32 114
3007 3986
835 1555
3466 2155
2420 1696
4674 80
2259 4375
175 3192
5347 3345
1595 5346
4123 3229
4343 2000
4129 434
4797 4653
5214 4224
1458 4220
71 1020
4673 4083
1679 2398
2713 5585
3175 4263
694 2979
467 5279
2777 2326
5224 3961
5160 3821
997 734
3103 2338
177 5793
3111 3275
3507 3268
2511 3325
3689 4924
5379 5879
2619 1215
2894 3570
3601 1913
1522 5474
734 3339
121 1139
5367 5821
525 2420
379 1992
2368 2161
4983 2733
3208 2264
3444 4942
5260 2404
83 1785
5152 19
5150 3320
4779 651
1781 2329
3609 2580
4549 1127
5232 4273
3107 4422
3644 2788
3417 3905
4510 4173
5398 3451
1099 2836
2612 1319
2145 2355
1423 5651
2327 5387
5903 1074
561 1316
4529 34
4650 3126
229 4708
3539 5768
3564 436
2768 3447
4318 698
4202 5637
1681 3845
3408 95
5434 2604
528 4636
3226 2943
2822 2432
5405 816
1913 2275
4798 4918
2630 619
2586 4336
2594 2036
5254 2397
2579 5546
3191 3029
2734 5916
1805 4362
3764 5582
1318 1693
3885 112
1572 1104
3698 2648
5699 3256
1754 5054
5137 4881
3815 1372
1115 1491
2982 2263
1166 4284
3932 92
3722 1458
4204 1521
1468 4508
691 130
5847 418
1511 5612
4457 4113
1779 5175
2879 5758
5 5625
2478 3949
5519 4147
1661 5126
5258 134
5162 4300
5841 4419
2600 5119
5694 3014
3268 2989
516 4854
5271 2477
1688 259
62 1839
1807 1905
404 2255
36 1883
4494 193
1933 2661
5813 3894
5817 745
4316 792
928 1231
833 5451
2913 5606
1597 4314
2135 3801
4173 3218
2812 3934
502 2210
1197 3784
1410 432
3671 5503
4254 2497
1398 3529
1281 5227
5305 5816
2334 3493
2941 4080
3951 4099
5705 3745
2232 3951
469 2821
5539 3055
4559 5291
3456 1953
4569 324
3985 5646
3618 3259
5184 82
3018 5179
1856 1723
1433 5743
4929 3748
2047 2608
4767 5680
3145 4726
507 648
2884 441
433 2686
2724 3660
380 4261
3178 3991
3516 4724
5517 968
5167 516
2678 4860
2469 4678
1373 5026
4936 2939
5581 350
3161 2873
797 4259
2610 3156
2551 3603
5096 829
5655 5070
3326 3739
298 1274
1674 5696
3565 1445
4687 5335
1102 1375
5802 4351
1010 3836
1621 3221
848 4733
205 3980
3926 2061
5834 3375
2396 2357
348 257
5496 357
1136 3911
1945 5485
2829 3697
4834 931
5013 5787
337 3400
1619 3476
1824 808
2578 1738
4523 5642
4468 2843
4032 5289
5171 4016
2488 168
4223 2750
2003 3835
5188 1742
5839 3977
5348 5601
1702 2527
2874 2983
1234 530
3649 2725
2371 24
5922 5722
4995 2607
5199 458
4734 3209
486 329
3706 3354
4355 5242
2266 4004
1315 3597
1495 3385
852 2973
5331 1271
781 3034
4289 3414
1123 228
3650 1158
5397 3888
174 3608
2896 848
1470 5298
4803 463
4024 5228
5314 5460
4895 5262
946 3489
2132 4466
3328 3702
3575 5926
5870 1510
4617 1707
1324 4827
5761 4363
831 5499
4075 3373
4896 4729
1806 5177
1660 1234
1093 5465
3139 5500
5713 2240
5217 3298
118 2587
5084 3560
75 1508
2450 4774
2491 696
5608 3206
3819 552
4852 3565
5816 838
4862 1183
1877 605
859 5760
3538 4704
1783 2089
2997 4655
223 1395
1811 4773
3921 1150
5729 5391
651 3183
4996 5881
1264 872
350 318
5134 4359
5645 313
10 2271
4624 5820
2108 2196
4309 3308
5183 1403
3352 2179
2700 5677
1917 3162
4156 3092
3199 5540
1905 2934
169 3458
3673 5155
4048 1326
2609 5270
26 231
639 5537
667 3222
1635 4326
5771 592
1370 5347
3294 4073
2267 5887
4530 2779
2833 3480
5097 4632
2432 4364
2217 3741
907 5435
5286 3881
3223 5201
5520 5264
5721 4834
4718 4427
2076 1048
1573 1595
2233 2236
3299 3667
1329 4345
2677 5444
2572 5517
576 2031
2922 941
2545 1878
4665 4400
2483 3152
2587 4244
1017 2615
4646 2588
2089 569
5020 2851
788 3440
42 3056
5119 2187
3303 2223
1135 3490
4161 4194
5328 258
4375 2108
951 3525
1153 3289
2520 5901
1524 691
3735 1250
3554 2451
4830 2654
3839 1550
975 103
224 2703
1509 1620
5462 1411
3289 2809
4724 3305
869 2418
5738 2333
3211 5530
1427 628
4060 5417
4658 1642
5306 2318
2002 3778
1887 1347
4922 1648
1065 5589
4577 3676
4742 1209
3718 1530
744 1381
5296 3016
5193 572
321 921
1345 1618
1351 522
3877 5775
2784 2776
30 2878
2983 3421
2881 621
1612 2272
2067 3513
163 4432
1891 3387
72 1548
3315 5109
2477 3347
5034 2734
1333 4566
3484 4517
5612 4055
1606 3212
85 484
2037 4015
3937 1895
5308 2761
418 4900
4541 3920
1078 384
1756 1940
1610 4738
4869 1790
241 4218
3920 4716
3616 2175
1426 2568
4475 5170
4471 3182
5095 4318
5876 3987
816 2854
3880 284
5209 5009
973 3877
5605 1758
589 3621
2535 4673
2919 3674
1982 5428
673 5091
3717 1564
3423 889
4527 5663
4482 952
1663 18
3753 3198
4941 1614
753 4226
1298 1097
4415 2215
5696 3982
671 1289
1860 1211
4857 2816
2544 1400
4613 5122
2072 3044
1248 659
5613 1059
1963 2947
1838 1039
4238 136
1603 966
3298 4446
2211 2268
4452 4373
920 5413
1614 5904
3361 4865
4912 4692
371 4485
2163 3828
4055 5311
5001 4538
5919 4805
5357 1994
883 559
4813 819
1406 3457
1091 1450
3212 5686
3108 5673
4770 4965
1864 139
3972 4541
3736 4166
1007 1699
1445 5898
1451 5823
5377 3332
2149 5111
1215 3024
3612 2117
5180 3058
2381 4525
3468 5290
5701 4370
2659 4420
2666 5030
5915 4292
1762 4833
4526 4514
911 1328
2051 5132
2841 4981
4421 3841
5759 1184
204 462
4966 665
5277 5850
3808 2797
252 3366
1205 490
4113 4803
4264 4835
3064 2940
3066 1978
2131 1160
5203 3572
1025 394
3239 5574
2599 1721
3597 3648
1993 1563
5066 2853
1372 2993
1690 1081
2338 4831
109 3846
4038 1142
5518 2859
1814 2744
855 1029
915 3699
5580 4907
1268 5725
2719 4265
1633 614
5722 3150
4505 1815
1382 4701
1227 3223
2565 4861
4108 2862
3569 5801
4366 2547
1083 3871
4190 1472
5842 1248
1628 4180
4832 906
4933 2581
5157 3100
1364 1565
5275 1161
2851 3833
3704 1909
1225 5611
127 1544
4881 3720
3928 1486
2283 5634
3036 3681
3859 4117
4443 5437
2759 3989
4069 5812
5329 3788
699 2011
569 1443
1158 2242
4368 79
5663 5035
3489 1891
3828 4230
4300 2833
2507 1291
2390 4855
1028 3918
2764 5756
68 2259
2161 5333
3513 243
5647 5375
2358 903
5360 2029
3991 4882
1048 2344
5059 233
3221 3250
4528 5920
5666 2502
2888 1024
947 4647
147 1124
1271 382
3980 5226
5811 368
2689 5548
2341 2079
4826 2546
4028 61
3772 4486
1198 3599
149 622
5849 2619
1685 647
610 4806
721 4447
4081 5791
1325 860
793 3634
327 36
4552 4114
5651 4930
5246 2995
1589 5187
5650 1867
5627 5220
2129 2462
3774 5519
171 3462
1419 4475
1073 2691
3090 3319
785 3376
5732 1267
3512 3672
4909 2257
230 5732
3283 2353
5692 4667
5709 5650
144 3549
1565 2296
4997 4808
3386 4564
688 5449
3579 332
1316 3611
906 4052
2821 1388
3757 1945
3434 5246
1519 741
2780 1659
3134 5066
4334 466
672 2677
1506 421
1866 692
4924 3812
3814 3301
5678 1345
767 5719
2276 1473
5394 396
4867 4138
1513 3910
1731 4395
5274 1259
530 1667
2421 3899
5052 767
2835 1047
3642 5692
5543 591
5488 617
4308 3563
5749 3805
647 4996
3884 5430
2813 2204
4080 1488
414 813
5003 4329
170 714
3789 392
1939 4174
4567 148
4913 730
1970 244
1111 3228
2476 3030
3012 4891
5724 5021
3327 1140
384 4777
5810 4406
4754 4020
4653 5441
5290 4461
3791 5286
4943 5281
1642 94
441 1889
4963 459
4070 4065
643 1197
5042 413
1051 2536
1195 1121
2914 3384
3823 5491
3372 4356
3091 4527
724 5889
125 959
1143 4972
1593 2883
3959 2266
4448 3499
3356 1003
190 3110
5670 5476
2086 3589
2008 2008
5685 1273
1876 2096
5235 769
2202 2941
4533 3799
1156 4152
4395 3750
242 2796
5085 3757
3203 5216
5435 1819
535 2575
4459 1315
5256 702
2880 3733
173 5802
3927 4491
3822 4658
2865 795
4099 5192
2968 1541
1016 2212
3679 5160
3667 639
3363 3585
4886 2563
1884 2896
2902 370
3133 5299
4898 5630
1928 3535
1238 5494
4159 2068
2970 5469
1704 1469
4525 2097
2890 1073
921 2650
4891 2138
3571 2260
338 5534
3969 4960
5297 4172
5563 5186
4384 3587
4918 443
4168 4022
944 2102
1447 2109
5361 4662
2685 4969
1845 4552
5012 812
4968 2030
3240 262
3971 4974
990 2999
582 2539
5455 1573
5400 3495
4788 5573
2309 2830
3480 2625
466 3689
5008 145
557 333
5189 5409
5090 2509
545 424
5326 268
1930 5336
837 5257
1420 2844
284 3884
1283 2479
1741 411
2075 3967
760 630
2947 4007
24 3066
2723 1216
4629 4622
3270 1280
2898 1025
1075 98
1439 4154
2816 1880
1797 1177
3 1014
3334 4074
4056 135
2568 4270
4285 1145
2527 1698
5141 1228
4691 3758
3350 1918
2426 2473
349 3944
1391 5058
4106 2655
3676 5110
2197 3128
5880 5400
4414 3374
2557 723
3687 1063
301 2905
4226 1805
4315 5894
5036 2605
3912 4019
1608 3349
2981 697
5244 1253
3313 2100
1639 1740
1288 2249
2508 5849
876 5404
454 4954
179 5230
1659 5714
2190 4037
2466 2413
2378 2656
1269 5507
4481 4950
5836 2945
8 2557
2806 1885
4162 3972
3181 3669
3428 3664
3497 2647
5057 2261
5453 1154
687 3868
514 3334
2324 4914
1473 3410
3382 3662
281 5687
3399 2185
2342 5203
1841 5163
4578 1927
5255 321
280 1041
1119 5661
3475 5603
4025 3710
368 3619
480 3494
2883 2932
2126 5113
809 2841
4302 3976
1362 731
2628 3580
2998 3659
3731 3654
2119 1392
3855 1674
3067 4728
2562 2958
613 5199
5248 3137
2474 1498
3851 1090
601 3073
4260 2890
3637 5450
1169 2535
4325 4371
2194 334
5764 2971
6 4952
5079 2681
5584 787
3629 964
5902 3704
3157 1797
4234 106
4537 911
1709 2306
5708 5131
4766 308
3059 1147
5071 1070
1697 5443
863 4433
254 3596
5668 2828
428 3175
4623 2758
5756 2558
86 3164
2534 1664
2442 1512
1015 3102
3904 1309
4146 4453
5428 2498
211 3380
1029 5633
648 478
471 4838
2717 3623
1727 57
5159 4240
316 2532
2622 5854
3824 5453
868 3350
1062 3189
2960 5032
1794 5475
2439 2230
504 2205
2521 2126
322 3341
4496 1657
4593 5397
1785 3260
3266 162
686 1898
749 4358
478 3469
2635 3793
493 5557
3232 4033
3265 4310
4109 4612
206 2489
4923 2312
5317 2871
875 2968
2906 3743
5230 1745
2715 859
4376 3271
5327 4250
3253 4605
2655 5900
2227 3340
2339 3879
5736 5321
3610 1396
4556 4119
4700 1478
5754 5484
180 167
377 2474
722 858
340 732
4328 5856
4298 3858
3776 948
2895 3742
3978 2372
2214 3913
2746 578
3758 2531
1942 891
5044 4018
4643 3810
3944 1357
1400 2137
5321 4010
2032 5607
1707 5277
4110 5486
1739 3808
3555 3233
1658 5382
2994 5902
2326 5360
2781 3173
3424 2483
5854 3031
1904 2717
1088 303
5788 1193
5815 1116
3714 3726
5302 4025
5500 4842
5031 464
1975 2839
998 1963
2375 3303
4136 2692
5242 620
1212 138
1719 1706
5304 3396
922 4682
5143 2860
627 5747
960 1818
1732 387
3362 4102
1668 4125
3760 3243
2366 5912
4231 1
675 5082
2005 4742
750 116
843 1453
4518 304
1241 1791
5823 4885
3534 5652
4500 352
390 3080
46 497
1385 460
117 1091
2064 4757
792 5222
2732 2189
43 4053
5285 2643
784 2629
5166 5395
4444 4592
2172 3794
2452 1497
1820 2373
1813 1311
1168 4707
3143 586
2103 1501
5778 3716
2576 3584
3519 649
4888 2452
1616 3618
4570 71
419 3798
977 1265
91 3492
4127 1408
1311 254
5661 3444
3443 3391
4516 1135
3073 2009
3865 534
1550 4908
4319 2350
4255 2469
2128 4027
5610 2641
5441 2541
3442 20
2313 3956
2581 5610
2909 2972
2720 2495
392 5809
2510 3830
2787 4978
60 4177
5470 3096
3617 4069
1489 1085
1039 3683
4548 3519
2632 558
2385 1506
5621 4312
3155 793
1955 1295
2590 3204
4087 1755
260 5764
2990 43
546 2812
1086 850
3200 5753
2952 5004
3796 2486
3367 132
5740 2980
64 642
3355 4494
5552 3295
4201 3557
4755 2739
5570 2740
3850 5315
1798 2652
1977 5903
2631 241
3431 3074
5821 2283
2393 2440
1517 704
2608 5838
5475 5402
5298 4644
5622 3318
5750 4536
2356 2424
1734 2457
2690 15
375 1529
4959 1257
1512 1152
3898 1649
287 4739
5527 4528
3677 801
2643 2827
4061 3923
2206 2402
3453 4648
2328 4337
2319 1192
3607 1890
5113 3413
4849 3785
2318 2517
4040 2976
564 164
5785 2696
3720 3966
1274 5658
3061 5139
5832 3809
5340 2294
4266 5304
199 1680
2667 4144
1336 3133
5640 39
5280 4304
22 878
1416 686
500 4920
5179 4247
3946 4858
5904 1629
521 1087
4187 3361
1089 1942
5855 1813
3075 1930
1443 2869
4703 1566
3485 3352
2251 5527
2203 4553
518 267
2760 936
5151 2503
183 1376
1676 2080
3318 4657
5439 3795
858 1179
3598 5448
1793 2774
3457 3940
3860 1361
903 508
1770 3852
3659 429
2343 2431
2040 1050
324 3406
4885 2178
4050 5831
283 2998
3166 471
4012 2134
2485 3388
4612 753
4545 5355
4603 1093
660 780
3402 2987
4 1705
3730 2512
4993 4211
50 1455
5450 3328
5417 804
1068 748
5797 1862
5689 2158
2707 5040
3585 965
198 2228
5492 4301
4211 1598
2722 2167
3096 4334
706 1065
1974 1078
505 63
2349 2055
4142 3104
1137 1133
1122 1096
1337 4272
5561 1293
5715 3363
4362 4625
773 1950
1221 2403
3176 4204
958 2106
5716 1064
5130 1796
3656 342
5284 5093
5030 736
3525 644
2495 3631
5852 2566
4063 5089
4602 5376
1256 2351
4149 4760
1043 2564
263 821
674 2493
4751 265
916 4156
1780 4182
4836 1850
4122 4819
4757 285
3914 4685
5682 5780
3786 4041
3206 2231
3425 4011
3508 5837
3963 932
2843 3582
3001 1068
4449 2391
2710 3023
3274 2637
4372 5287
2496 242
4817 2506
2656 3393
3581 693
266 4973
438 910
3231 5644
3263 1766
167 3438
4638 4771
5574 5855
4125 893
1472 5094
5684 5583
4224 4143
5825 1336
2054 589
2253 3113
2621 1709
3845 4875
640 1406
3540 5788
2672 2021
3499 3234
2152 2354
4969 2709
3390 2128
403 5597
2379 247
3939 1186
2097 1855
3664 1462
4927 2165
3542 5748
3750 4587
451 3965
2351 5115
607 602
4787 3161
4977 3369
1058 1636
5053 3762
4920 3851
1080 2442
3683 274
3628 5073
2980 3999
16 996
4847 1157
2870 4448
3895 5739
1926 1656
5322 1442
3577 1691
2231 1178
2142 1789
3919 1284
2136 496
4337 1781
3053 252
2501 1586
2237 802
2788 563
2020 4246
3804 3017
512 4473
3949 3528
3847 5771
3455 5329
3589 1907
4961 523
2795 493
1252 2574
2287 3506
871 601
4327 174
3596 916
984 5272
4952 4426
2765 3051
5898 1868
176 397
4310 660
579 3407
3870 3000
566 4013
3389 2748
4544 1777
5887 388
2285 2950
2897 2359
4434 3605
536 4168
5669 3670
5672 2679
2964 5292
4169 5168
5493 386
3234 312
606 3460
2907 3446
1640 2020
4290 874
5717 3779
2992 4620
3396 500
2294 4511
128 155
2541 5330
3826 5781
2606 3409
5019 5439
3097 50
4440 5268
923 4450
3307 4498
5212 822
2050 2066
1219 1912
5138 1317
1852 2628
5176 638
5474 440
5007 4851
4420 3471
1124 4857
1867 3924
1146 2708
5602 1060
1708 4917
2150 4699
4074 2856
395 5576
4085 4369
3830 597
5720 3981
2143 5638
4841 2491
5894 99
2391 2559
5023 2881
4046 3643
1729 1700
2252 2523
4840 5649
4148 1993
317 5569
4031 2522
508 798
2457 67
3027 2206
5384 3389
5587 3883
2818 5471
1587 455
2185 5059
4195 4670
1129 319
2514 4493
3608 358
1432 5842
4631 1531
3613 5049
262 1951
427 746
2772 5092
1700 3865
4794 2235
2844 2478
2756 5773
3264 4964
3938 5260
790 5477
4041 3236
269 5873
731 3190
2387 4454
5293 4325
2668 159
5120 4274
3742 5046
2041 4315
3360 886
2239 979
827 5013
1656 194
2182 5442
4707 1717
2721 4769
1475 5261
5695 1346
2140 4534
2434 2485
3701 791
3336 206
1556 355
3008 456
1296 3930
31 4126
4235 4148
4611 4354
4563 5578
397 786
1246 912
2357 2657
222 5373
77 1175
5064 5521
5215 4731
5588 4663
3498 721
1442 1876
2039 1526
3322 5702
544 716
2301 217
3370 2147
1808 5425
364 4176
5772 1474
1859 2434
3368 171
804 3395
3490 3661
3445 1040
1293 5751
976 2698
4052 820
879 4691
5249 1071
231 1334
1559 4003
3118 575
3022 5563
974 5398
1342 2176
825 3316
3437 4431
3452 2060
3931 5337
918 105
5567 1407
5133 4
707 5293
5366 4793
2018 5884
3153 2519
1979 1784
444 5244
3168 5568
1446 3687
5459 5061
1536 5386
336 1282
1744 4085
3603 4339
2112 3
457 2954
4571 3169
294 574
1163 5896
5585 997
698 3052
3708 1018
3685 1451
4914 2837
1257 1233
900 376
4094 4624
4649 5538
2236 4843
4245 4207
2739 1368
737 4693
5630 5394
3799 390
5758 1342
5318 4767
5105 1969
604 1763
129 826
3237 5410
1771 1367
1655 3441
839 2389
4925 1952
236 2842
1844 1509
4163 3474
4934 3418
3570 2820
4442 3439
4806 4649
1791 868
2153 5761
3163 4844
2242 4490
3977 4242
1723 4993
2147 3390
2264 2328
2471 4770
4775 511
3825 4824
5494 492
723 4105
5186 3149
2943 1484
5177 867
4566 2
2 2017
5786 5844
3098 2003
3416 5504
4196 2291
4121 170
1753 2180
2512 249
834 1972
1551 2678
5648 2253
5869 1202
1348 123
2125 5567
5920 5357
4150 2633
1131 2676
389 4048
1984 4481
1485 2247
4868 914
5414 5810
3806 393
5792 4331
5253 944
3112 593
3682 4378
3922 1802
4894 44
1056 1702
4732 327
5743 4997
1899 250
1766 564
3988 4317
712 2400
1322 1911
987 3983
4389 1224
4880 4249
2569 2049
4445 4730
3338 744
3082 5566
608 5183
5452 1520
4761 4847
3766 1539
3052 3027
2803 3781
3781 222
3448 3105
3784 5905
4824 1106
5628 1236
614 2858
2753 4324
562 1384
3674 1269
1991 4989
1687 4434
2148 4437
3493 3541
2258 93
5533 2305
981 4234
1874 3853
5691 4184
4772 282
4312 2893
3187 1194
412 3123
367 3103
1765 1910
5874 1558
2929 209
2624 1579
2302 2501
3866 3838
1455 5535
235 2035
233 2352
4739 4391
1631 3848
3406 4233
5725 2199
1253 5694
4220 69
3029 3011
3026 3062
5833 3185
1602 1837
933 5584
5155 1685
2192 3790
5088 58
3568 2366
2831 4705
5004 1110
1317 939
1376 5604
3759 4231
748 1391
5430 975
1973 3985
704 4555
3693 1441
1106 1870
5766 4408
5809 4853
188 5470
930 1290
881 2059
2762 2002
1213 494
4685 3238
898 5436
885 2560
4296 5765
3458 3224
2459 548
3651 2371
4399 5740
3899 1217
4044 4262
676 3800
4873 3370
3773 3692
1944 2846
5005 1487
5530 5668
5781 2317
2480 3969
53 5017
2011 2311
5233 5418
5565 756
1637 3958
3385 3002
3182 3448
2962 2786
3905 1227
3878 1616
4733 4421
1343 4698
4831 213
2582 4042
2492 2369
2178 616
4902 2801
1854 3931
1738 1694
1728 5759
3159 1252
3690 415
3261 623
2540 5399
2503 3817
3989 1670
2714 2052
3190 2723
4762 5266
4137 4515
1684 5851
3871 5811
3745 5616
5043 3043
3160 4001
307 2817
496 2718
1302 2064
844 3437
5657 3277
3500 2084
1983 5370
4597 4672
4568 672
268 2159
3572 1288
3544 3004
5620 5105
2499 5174
4801 5723
3887 486
968 940
4706 4799
4335 4590
1377 2114
219 3718
448 2459
2778 179
5564 2711
5757 643
1409 2620
5409 4098
2634 2033
1167 1054
5016 189
355 3292
1591 4588
5025 4635
1201 3327
4411 1480
84 567
335 768
1002 4342
5337 2293
5795 269
4305 2339
936 4573
4451 5345
1187 4468
1580 4582
4101 3686
1207 4959
3816 2044
161 1286
4438 5275
3312 4877
1022 5278
2548 3140
2940 2034
4600 5549
5765 2470
2547 5729
70 2684
4731 4124
3062 613
5076 981
1943 2550
2168 1207
3950 5800
106 3057
2447 2515
1582 32
631 3265
754 3280
954 1729
2967 4572
5710 5389
2877 3028
4033 5551
726 1180
1179 3049
5301 994
772 3154
408 2545
1629 3711
5739 391
5406 4787
1833 3876
3255 5878
2769 5678
617 3118
3703 3526
3976 4407
3095 1338
3502 2569
4764 5012
5806 215
2509 724
774 909
5774 4202
3524 4586
114 4293
538 37
5830 4393
2670 4404
1941 2913
814 1417
296 4277
4876 3061
1915 5746
1200 961
4164 2578
2838 3213
3688 5697
776 4781
4089 4544
1623 1229
1667 890
519 3875
4681 5385
5664 4811
4291 1617
896 2412
14 488
2554 5700
4712 483
2490 4737
909 1780
1133 2552
1323 4873
2205 3304
5793 2012
743 2131
3381 4409
5890 2341
2406 5350
5056 5319
893 1422
2938 727
2220 1413
2625 777
1672 1650
4441 1005
4763 2937
2436 5019
4583 594
4241 3566
1543 917
2482 3300
4212 1205
4407 3946
2345 3768
1278 4540
730 2674
3131 2886
3798 3151
2191 1404
3004 3974
3395 4335
1497 165
5566 2250
2118 1533
4693 3939
2084 579
4514 1118
653 1929
1903 236
5916 4000
5911 4804
2473 3984
3258 5846
452 1431
856 3015
3138 3543
2774 3954
735 480
300 668
5659 1669
2403 2143
3721 3359
3451 2963
98 828
4771 4135
1258 2850
2080 5378
4409 1468
4284 450
5426 4780
4632 3633
2081 5829
1139 5202
2916 309
4092 3278
1747 4715
1141 803
1605 88
4301 2800
1060 5129
5107 1804
2626 2086
4214 150
5396 2464
551 48
2750 4084
5442 1856
1666 615
5683 1771
5514 3251
2107 538
5614 3199
1379 946
2975 4082
4783 1266
5330 553
3116 915
374 3202
5599 5619
3741 1757
4059 2072
1898 2065
1110 3155
2370 297
3934 5188
326 2593
1374 230
4848 1979
4682 1449
2733 378
4932 4888
5089 4821
703 2383
95 3995
3834 555
3374 300
4854 2632
957 3552
3778 474
3024 4870
2691 2016
2435 5452
867 4616
2716 1151
1104 5331
5632 2387
5098 2310
4699 2960
1772 2325
285 4798
5374 5096
1912 1609
4928 1607
1057 2410
1815 5492
4049 612
1282 2105
111 5223
3080 2511
3152 3607
4657 2014
4304 416
890 3479
2444 2919
1560 4859
3897 4554
5601 419
5276 1166
902 725
2854 846
2832 2992
4547 1365
2290 3803
4715 3368
5395 1433
1927 5108
2939 3098
1695 3857
992 3746
2653 3070
1399 60
4648 152
1328 1466
4394 5295
2801 4623
415 2025
3404 2252
5324 2429
628 1961
2807 4436
2583 338
713 5043
5463 1275
5858 5924
1162 5459
238 879
483 2991
4504 1922
1832 1604
3337 1203
4815 4992
3622 2722
1737 1519
636 1114
2567 1371
1789 2700
5638 1976
1910 1726
2819 5151
4246 3425
5218 4579
5700 3561
425 177
3494 5124
1964 4741
5925 5716
1818 1159
812 3929
2727 3454
4810 719
778 682
1518 113
4317 2811
1630 627
1994 2879
2598 5255
4425 4066
1031 4740
5158 3424
1914 149
1459 4603
5146 3486
3907 2573
325 2368
1094 5003
2410 3467
3547 1423
1764 11
447 5000
5760 739
2971 3761
4792 1574
3624 1415
5528 1676
3373 1712
577 35
4258 3195
1775 4092
4145 5084
4972 3285
1320 1677
304 1600
5762 4816
3666 22
3435 3399
801 4502
2693 3142
4019 5776
2868 1641
3807 4871
4856 3148
526 2731
3150 1036
3803 1692
2580 5745
1618 1559
290 2845
5131 2909
4320 1129
2752 3927
2834 3211
3558 976
2181 5282
151 796
4424 4175
1471 943
5175 2190
842 3690
4746 2514
978 1900
4051 5559
2566 1704
4042 2216
4014 688
2735 789
3005 2101
542 4686
4274 3089
905 4850
517 2053
1041 4926
3752 3908
1774 5095
2563 5547
115 3537
4851 2069
5072 1219
2013 2364
345 4633
2972 5515
1827 3647
3254 1944
1182 1128
820 4659
666 4276
5035 573
3418 3245
5726 40
3269 1665
4107 5510
1262 5871
5679 2320
2245 517
3169 3551
4804 4178
5798 1061
2282 3088
669 3059
2180 127
3952 101
2467 3038
2930 4435
3848 3472
2738 347
5300 4384
1643 3230
1516 606
5704 5213
297 3651
4554 335
2817 3978
1314 2262
4112 1730
1237 5709
3481 291
3614 5219
2229 3459
3128 4718
5221 1452
2809 5675
2873 2720
1460 3630
388 3530
5917 5180
3412 3751
5534 4200
1988 810
3715 287
5502 4680
3691 5367
967 3053
4286 3294
1885 1647
2987 223
2102 3880
132 5098
5467 520
1552 4094
5555 1958
3165 192
1777 3022
2001 2022
5294 3065
5385 5836
4506 2602
3515 1022
1787 1962
942 967
1892 525
4299 680
3409 10
1848 4344
189 3422
1421 5001
1157 1593
2741 5695
3785 3818
5596 4585
1006 1436
5206 1330
952 1285
3809 4660
1896 5847
595 2226
1448 2712
2363 1043
5571 2173
4641 275
1954 1107
3940 815
2601 2704
143 2384
5677 2915
5558 776
4030 288
4240 1842
1923 1001
1128 5328
3910 487
2367 2010
2027 4550
2589 3323
2144 2728
2395 4051
4640 5818
2400 3386
4606 4984
1678 2561
1590 395
4704 2276
4353 5497
506 1967
1474 3789
2842 2321
4795 3428
1147 1146
4692 2045
2882 4480
4820 5339
2448 3435
4177 5025
1863 1482
3405 2735
1776 973
2402 2476
4654 3997
1217 3736
3340 5790
4949 3842
192 863
3611 1575
540 4884
4158 3819
925 1821
4675 253
4182 1988
2277 2104
4026 2058
2484 4350
1481 4690
621 671
1005 3095
4021 4783
3981 708
4174 3125
5675 2181
1452 5125
3831 3568
2542 3975
2555 5825
3853 4852
3044 2675
212 5446
633 2127
5662 2510
2991 2955
4116 3302
3188 2182
5408 1086
3436 2385
107 2526
2016 5843
3201 507
3364 5371
490 817
3793 3188
702 4634
3217 182
1521 3087
4111 4836
4239 3324
826 5209
3305 2103
5381 5085
3684 3713
5734 4341
3260 314
531 4599
4644 4034
4489 5380
836 4383
3728 2875
5680 2631
3371 1292
5538 3573
1953 2018
771 666
4430 1272
4155 70
4172 1582
2481 5620
5667 5053
5547 4961
1570 583
5100 353
3346 1359
4222 1527
4860 273
4473 1552
3599 4076
3873 3873
1501 1163
1206 974
2836 2690
5202 5666
1030 1355
765 1222
1214 3791
2219 1035
5905 3269
700 3006
4088 3730
5837 3470
5440 4064
4753 3498
1810 1447
3028 476
1190 3362
2802 794
3881 2428
2901 4638
1830 5090
1389 1849
499 2183
239 5899
3553 126
3275 1069
2669 1425
5423 4533
620 1076
5615 3569
2320 805
1066 953
253 4848
1675 4558
5014 1016
4377 160
581 2347
2869 970
3712 3254
5896 4575
2369 3191
1946 3166
3016 657
113 3145
4181 5327
361 5863
2989 765
2017 1834
4093 1903
3204 4526
3410 2548
4591 1320
5843 4702
1352 1276
4450 827
1995 3508
1259 4611
3446 3777
2269 5284
2673 3937
2712 1318
5829 950
1231 2234
2449 2730
828 1624
1184 750
3031 3844
4758 1678
2254 1247
4379 4734
5617 4256
27 467
3277 5720
5643 5834
2268 5648
4006 1402
3284 5029
1021 7
1405 1793
4364 3477
5163 2724
1578 5022
5495 2490
2502 4006
5753 2635
5393 1341
4859 2900
3129 4441
3033 2092
3461 2790
2808 1507
5882 5123
139 2923
4465 3097
1547 5592
3896 908
1148 2590
3123 4709
4942 2644
3276 2623
4356 1718
3043 1277
4210 2409
5316 4474
4874 122
1880 2172
4557 837
3295 5015
592 4934
2920 2323
1235 5076
3106 5813
422 984
2754 1380
1868 1117
1881 454
763 1532
2661 1270
1598 897
4610 2401
3311 5917
76 4396
2453 1938
985 2773
4542 5352
101 1928
3120 5819
619 2611
3911 2281
1134 3342
459 3538
57 2586
4511 5107
4677 632
2265 1268
634 4086
5341 1681
1061 5783
1045 1012
1971 5002
4709 5062
3844 111
2029 3135
5537 2238
904 855
2095 4302
807 1212
3102 852
1085 5799
4323 4830
462 4127
5560 52
1760 1046
5548 3677
5690 2507
4297 5164
1822 2132
5623 5083
2911 2303
1773 4146
329 2755
5259 1243
2088 5114
4359 2920
1261 5258
4130 4160
1413 260
4604 4829
5857 2649
3343 1605
2331 1637
55 4479
515 785
4585 2015
1103 461
2645 5690
28 1615
3686 1523
4790 2139
2141 770
3397 295
2798 2832
3663 2872
2904 2922
689 4285
468 5693
1611 4897
2549 2038
5124 2174
2445 1092
2629 1524
2158 554
4507 2001
3011 4111
2044 1971
3300 326
4474 2825
3929 263
501 3615
586 5044
1266 33
277 256
4958 762
3450 4108
796 1056
2533 2808
2574 2805
4994 2683
90 1902
2069 5458
1802 239
3048 5172
511 5757
5411 1713
4726 887
5686 221
2304 45
5629 4153
4349 4193
2642 1028
1084 3773
3625 2465
226 3715
3868 2621
4167 1882
5562 1010
2166 4628
1081 118
443 4945
4011 2753
5165 5622
2592 2978
498 1904
1176 1932
52 2071
3225 5214
2241 4895
2536 4118
5118 3614
1831 681
4838 3536
3551 3665
1916 1675
5485 3957
2758 4751
288 5462
2235 366
5848 1009
1804 2154
3476 3488
766 3335
1350 5416
3604 709
5364 4754
5368 4925
1752 2170
2322 495
3354 226
3780 4045
3041 5369
2522 4947
2010 2113
458 920
2546 3734
4261 1741
5358 235
999 1120
1476 4905
3051 1562
3207 5145
5415 3521
1019 4656
5579 4206
3228 4814
1008 5324
1339 4134
3576 156
351 2888
1541 2153
2652 3694
2212 2795
1823 3885
477 1639
1535 866
1354 1283
799 5864
1055 1960
2828 4828
456 4810
1309 664
94 3235
5195 4161
759 3290
1 5877
2160 4333
140 2596
5245 2543
5859 5071
2556 2290
1223 4551
4616 4046
1193 4998
1430 3863
2899 3959
137 146
2697 2887
4829 5117
2974 634
2686 1172
1750 524
5536 2220
4010 918
1496 2719
4270 3914
2570 185
270 3436
1004 3291
4086 2757
3729 3770
2663 2867
5154 1394
2059 5891
4897 2245
5881 1871
5346 5233
1394 38
2056 3215
654 5377
4989 1287
4502 650
5846 2067
4467 1937
657 3279
2263 9
5404 4923
1563 1571
4990 2685
4456 4764
4796 4576
5278 633
1617 5065
4818 985
4469 1148
1331 4788
1418 4561
874 4460
273 3227
1358 229
354 402
2225 1735
5372 442
3820 283
1046 2394
3595 2151
2494 3813
1749 1931
3658 5
5593 4294
4128 4289
4546 72
5281 359
5313 2265
3662 3046
3341 4703
534 5539
2796 3901
2805 5744
4091 3653
637 4387
1152 2695
3573 1577
3081 472
3015 3197
1530 3037
2127 5921
1395 3698
264 1779
1014 1185
2417 4863
4423 3657
913 2233
2409 5285
3541 3272
659 2699
587 5490
4676 655
3652 772
1488 296
1013 1208
2443 1560
4710 4164
2061 1841
3464 410
3290 2988
2611 1989
3600 1645
635 3144
5845 4768
5875 799
11 5882
2175 1970
255 1956
4627 5154
2782 832
2270 5735
3291 2838
1869 2019
1297 2054
1713 4323
5262 1438
5264 5050
1500 4840
5521 4856
2431 2447
4483 2646
4584 1943
4034 4955
3063 3604
2261 4516
5323 5161
4908 3960
5791 899
2682 4283
1220 1221
965 2985
92 1812
1109 683
1962 830
529 2911
5142 3941
2662 3666
3974 4706
243 1817
1132 5710
372 4654
4490 4560
4417 5215
934 2487
299 4548
1267 1720
1976 2789
2537 566
484 757
3511 2829
2597 4629
1897 4462
3817 4696
3183 157
2193 1294
870 824
2347 3932
1825 1613
3794 5684
5216 2542
4114 3141
1533 1708
1242 4476
2850 4109
464 3854
3332 4388
663 1176
5730 383
215 4401
3557 3921
751 706
5139 1939
2303 5028
5598 1188
3121 5669
1948 3338
2006 3091
1357 3811
2430 4581
1600 2994
3842 2379
1312 1622
4193 3253
65 4203
1397 5728
5115 3371
460 4376
4564 1321
2036 2901
4268 2414
5334 5348
186 1857
819 2304
4250 5162
5080 935
1826 4219
4607 3776
166 4492
914 4145
886 5238
3531 4630
3813 2330
5041 2504
2918 4937
4980 740
1228 722
3918 2327
5103 1768
5359 4637
3035 840
939 1360
5229 2818
2177 3766
2278 5310
682 5623
3550 4595
5866 4626
5646 4778
4550 2422
1415 298
3229 5596
4619 4591
333 1610
4154 423
5513 5037
5061 775
2311 2437
2098 3684
1528 1045
3528 3116
5257 1261
4509 5325
5569 5193
3055 4589
3329 2738
112 2582
2256 1840
3357 896
4370 4786
2516 987
1326 1572
4227 4529
360 1238
1425 604
2751 1716
1932 142
141 4886
4729 3760
2575 2815
4667 5218
1466 720
5333 654
4839 5806
1098 3008
4236 5913
4144 4040
3700 1030
5431 1662
3469 5481
1371 5482
1270 4090
4065 1982
3383 2076
3377 3312
3467 2370
2023 503
5037 3168
5270 3360
4782 4809
1456 5832
1835 5018
1211 5401
3113 5824
2810 377
3923 5217
431 3442
2460 5263
5827 4687
2114 3903
4878 5828
1843 1237
476 5120
2532 2824
5818 4075
2209 3081
1767 5737
5865 5038
5422 3039
3900 4455
2761 5411
25 2146
899 4054
3003 4255
2045 4452
4392 1690
1112 4807
213 1919
1344 3782
555 1554
5814 2421
4272 5827
829 4839
4082 585
5378 1439
1402 1892
4515 340
5583 5088
3631 3891
4812 5440
100 1925
2405 737
4022 367
3060 3523
1931 2784
396 3952
2201 5097
2171 2944
2228 1632
5812 4785
240 4470
1795 938
1561 183
1117 1390
12 4170
159 5704
1469 3775
5122 5883
1790 3719
4981 4458
133 264
3518 2046
4039 851
5604 3351
5731 5712
1966 3591
4560 1514
4666 5438
1204 3685
110 1000
4828 667
1622 2194
1918 871
3837 4500
2517 64
4249 1242
791 4340
3308 1327
860 4866
4115 5128
2820 869
4614 5134
4350 2781
3681 4720
1846 1495
5082 345
2199 1671
4282 3890
3537 4338
857 2358
3965 4928
3672 3988
571 4911
4233 1199
5673 5835
2797 1561
4357 5427
2925 4615
3924 5241
3559 3971
1726 5341
2275 401
4694 2592
4188 2152
3771 3398
4100 888
4572 3772
3594 2221
5549 4225
846 595
1989 1432
1875 536
1437 3114
832 4009
5310 3511
1390 1052
5191 75
4907 2110
3319 947
1812 5861
2058 3021
81 5641
5831 3159
3032 2984
3854 1369
1064 3310
4189 670
4655 3217
3697 2201
5884 1476
3167 403
4447 4044
1537 2771
4200 1456
2408 5191
378 1131
328 5762
3875 2237
4013 4306
4256 417
2462 5506
4777 3907
4721 5100
969 3955
3960 3136
4004 3315
4073 1996
1879 5480
1692 1683
3174 1399
1308 84
5481 4646
4884 588
802 4361
5424 4927
1647 526
80 3252
5688 4267
5448 140
1077 626
4837 3849
2539 1418
2726 3503
527 3735
2500 2121
5109 2284
5770 1435
4882 8
4217 1088
2307 4782
1784 2345
5687 3311
1210 5862
3536 4600
5546 435
2518 2769
4104 2640
282 3214
5895 2378
4396 3082
4947 5190
1531 4057
2506 800
49 4970
66 2433
2333 4157
3503 2975
134 365
4634 4288
1173 1986
2223 4223
1817 2006
2316 4671
1239 5133
3770 4596
1757 3514
1558 1119
3137 806
3747 5542
184 4607
4333 5717
5624 3468
453 23
344 4402
1627 766
4346 3555
2412 5178
1801 1975
4326 3820
5559 5643
3635 1352
5083 4425
2093 5027
4937 4196
4062 2729
5147 1377
3630 4266
3109 1660
5741 2981
1557 5822
3388 227
4536 3832
808 2095
2702 2411
2814 1760
5476 880
1527 1985
3292 1189
2489 362
3574 2141
584 1991
4321 3450
5451 999
5295 1697
347 2529
701 3101
1710 85
4697 4665
3632 4327
3833 1382
559 1633
5897 4530
2931 4214
5148 468
3592 2282
1800 1715
153 3232
3076 809
5862 5703
822 4539
5420 1955
5182 1798
3021 2589
1669 998
5055 1536
1199 5752
1365 1137
1483 5198
1209 758
5779 5302
2793 4449
1581 3518
956 678
4183 4505
3957 3356
5238 2279
2905 4991
5711 1619
4017 3947
5868 4822
1185 4513
5506 3708
330 580
4800 2634
4209 3829
2954 5857
1786 1015
696 5011
3818 715
3398 1762
4875 3886
2740 2280
2121 1714
1289 2145
197 1583
5554 3640
1272 1511
1113 679
4358 4563
411 4593
4470 3288
1327 5406
3302 2806
4175 3307
850 550
2862 5845
1360 4213
1542 5236
715 3695
2815 5351
249 3226
1686 2416
3894 208
291 178
1956 4712
4179 4120
394 1100
5468 4087
1768 3847
416 2094
2505 2571
1604 2689
2804 4489
580 4478
3449 5158
3591 5614
5718 3322
746 4643
271 1021
5603 2256
919 5502
1592 755
679 4237
3840 2314
681 3329
5190 3701
1842 1974
5512 4565
1615 2807
5205 2365
5660 4642
1286 4229
5045 175
5636 718
4780 3707
2848 2967
5231 2307
4594 2297
320 969
1072 3050
993 4812
5871 2166
2892 5807
3186 4275
2138 3423
3235 2802
2355 2073
2912 1313
2157 255
2250 271
2558 3007
2886 3909
3648 4008
1920 1646
1625 491
884 2518
2353 2315
3010 1167
600 5632
2308 1101
5878 2914
3765 1811
3083 5581
5751 4496
2958 2343
3655 5075
3333 963
3400 584
5769 4879
901 3840
2985 4669
1997 4385
3986 5074
3197 4614
21 2188
3761 4451
105 535
567 3837
5239 4497
1335 2565
3287 323
5551 4321
359 2198
413 3994
3891 1038
4672 5121
1299 4320
2425 5707
2637 1580
2169 2382
237 3069
4095 5741
4131 28
3068 1608
4499 684
1870 3453
3432 4910
2531 3445
2743 2078
2000 2639
1584 3084
342 4281
5091 783
509 883
2561 1611
2249 4862
1490 1776
3748 4198
2730 5754
2613 2537
3961 2337
1479 2381
3447 3728
4497 4675
1183 2091
5926 1799
3646 3595
4957 3131
4047 375
644 4823
2096 3709
4765 2622
3705 568
3882 4617
3665 779
533 3663
3149 4568
391 1513
758 5796
2646 4280
4402 5906
187 2948
4157 2287
3415 1448
3040 978
4393 514
2092 1251
4807 1051
4404 5309
3477 1206
4714 5267
4126 3882
33 3109
1218 5888
2350 4464
4341 4440
4669 4719
4367 379
1441 3644
5145 3626
3262 2904
3857 4723
214 2386
4652 5874
752 2063
1130 4618
5128 4499
1027 4609
2616 773
5022 4403
168 502
3699 5247
1651 3933
353 1241
5093 3240
4244 2606
2711 5528
3162 78
4835 451
38 3724
5427 4189
2213 1584
258 2891
2246 1305
4683 3862
2019 1732
1024 519
2766 5237
406 3896
5210 1492
2649 4507
3282 4072
1990 5483
3996 4524
4265 5432
251 3682
3829 5487
3754 4868
849 5701
5272 4380
5067 2682
1601 420
4400 216
1648 3554
1505 4896
5796 4845
5783 1568
4865 3774
54 5167
3259 2705
3982 4416
2330 3796
5913 713
248 2186
3218 1727
2407 5051
3213 5361
4267 2193
762 3754
1486 4236
3843 3112
2953 315
82 4251
1721 3504
1673 2500
1154 3299
426 5587
1464 2211
1857 842
878 687
4698 3107
2361 4695
3348 582
2603 5808
4381 4264
2321 2895
4899 576
5040 5516
4601 341
4628 3344
2401 4518
3751 2599
3856 5892
4660 2752
4716 5617
3171 2609
3552 2374
1387 645
3347 1737
2617 5253
738 1581
4408 5182
217 5659
5116 5388
5921 5431
3787 4227
3271 4063
1940 3196
3744 1859
3836 187
2864 4794
3039 1578
1799 3237
4503 5511
2900 1444
2857 3186
310 5081
1819 4714
1053 5433
2903 2399
5768 5307
4844 618
2446 1307
3692 62
1334 3026
2790 1165
5181 5297
2189 5493
323 2889
3695 4594
798 2665
3680 847
3248 2269
2422 147
5375 5683
5185 5142
733 2135
1037 4290
334 4735
3869 2584
2647 3866
2965 2953
5592 2787
5104 3628
2957 5553
274 4038
5489 841
4581 1887
4976 4743
5525 3456
3925 5033
5335 2162
5425 3546
1461 3609
4850 1983
4720 251
4864 933
2742 3404
1958 4688
4057 1897
3140 3509
3344 4311
5900 5205
4870 374
2695 4252
5824 1933
4435 4574
409 5609
3549 205
736 4121
4816 5169
5509 4222
3827 4035
4269 2426
4403 2074
4253 607
5311 3936
5219 738
4741 4047
3124 4472
3846 399
3317 501
3792 89
150 422
630 1743
2855 4190
449 1814
4553 278
4330 669
3724 5472
3583 5463
256 4303
1862 17
5853 163
3992 188
4883 1788
1645 3752
29 3520
711 2636
2257 1379
3802 5422
5918 4005
3526 3248
2767 3705
720 4195
3999 512
1120 1296
1491 5196
2487 853
4736 1027
3304 2745
4955 4722
932 3184
2683 551
4744 4547
4152 2505
308 1067
1249 5564
4015 3267
2699 2393
1449 4439
732 1195
3675 656
4084 1181
3401 3273
4717 2396
2648 3317
1067 3517
805 1325
1878 286
1097 293
5625 4132
2116 5381
