7699
181 5001
185 2666
5945 5334
4665 3482
5295 50
3674 2629
3827 6639
6996 5662
5690 4145
3835 444
2783 3530
2308 4691
754 476
6032 5196
2909 886
2136 6232
873 6758
5808 4935
7130 4658
7662 5664
1394 2838
3620 1223
4844 4198
6249 2015
6378 4192
6011 6249
7479 1447
6305 3971
6327 249
224 4147
3055 1651
6997 5507
3007 5307
5465 5132
3134 4842
5156 1580
679 3764
1085 322
6120 4811
4121 6589
7464 2743
4450 304
2034 653
501 6044
7316 6283
4852 7582
6863 1228
1673 927
1092 5556
7558 13
593 3367
146 5850
7320 2565
4210 673
956 6753
4658 6124
2281 6004
47 370
3023 1863
7690 7363
1574 1389
517 5414
2626 216
3934 635
5733 2282
1188 3906
7449 6117
1928 6763
6711 1881
2195 1257
3461 950
2153 7673
2771 237
8 5187
7534 7100
2250 7346
5284 4372
1571 1692
3072 3557
2467 7127
7362 298
4995 1854
2274 2104
4522 6818
1896 128
361 5253
5899 6563
7646 879
1547 3934
5 113
2805 1479
972 4351
4029 7086
4822 2160
4724 4270
3180 2861
3226 4438
7461 4685
283 3095
3229 2749
3084 5503
7547 1663
7678 4432
5457 3144
2691 5644
1376 947
7407 3966
2551 3415
2261 7551
1227 11
5881 4888
2560 5374
6725 640
6696 3299
5437 6756
3619 5821
2107 6042
4346 6480
6753 3900
637 1675
2539 5142
7544 4726
6079 6851
1558 876
4731 799
1921 5452
3559 4095
5046 2878
4378 2693
1648 980
2091 2774
4279 1521
28 3282
3289 7125
6637 4157
7381 5256
6008 2532
2190 2223
1986 1410
4240 3590
2791 5807
4234 6771
1050 4978
4618 3750
5829 2757
3232 6417
2382 2184
5837 3343
1690 4993
3677 5279
1235 2653
2601 1402
5654 2874
5587 5588
7385 3230
4296 2700
1006 5810
1583 4809
3773 4443
1815 6740
6268 2934
5387 2831
2417 717
2492 3748
4105 6432
3376 3120
4550 3247
3219 2063
2919 4224
3514 706
7447 338
1198 1115
2867 4931
1471 4128
2883 6006
7100 7469
6494 1748
4268 6332
2256 3329
2655 4734
2323 272
581 6088
7184 5746
5600 4451
1714 3263
3964 676
7148 1604
7437 1198
1641 3566
3447 2995
2531 4988
4654 666
4002 5677
4796 7641
2940 3739
7592 1023
3878 2618
1509 4109
4377 624
5722 4580
467 7454
2072 3811
2949 212
4237 1424
3575 5870
5434 306
738 5616
606 977
2837 5567
1551 6713
3530 5130
1078 6810
2794 433
7683 2577
6401 6369
1040 158
2811 5610
4448 15
4786 3053
3584 2236
7570 1067
1718 6203
3727 2436
6573 4963
2706 5260
4064 5435
7388 7293
5698 6101
251 3168
1440 1573
1175 4612
6003 2551
522 6437
1027 2243
1002 6724
7254 3792
6826 5269
942 2824
2380 4470
7507 4188
1398 6536
5111 1207
3897 2394
7296 5305
1766 1588
7053 3570
2174 4239
686 202
5541 2951
3073 5366
5711 4960
1830 4202
1695 4876
5729 3368
7693 205
2114 1728
6688 1126
3316 6265
5738 4630
1386 4211
6069 6823
4406 6619
549 5129
2779 4715
508 4125
6926 4569
3761 3341
1022 3195
7453 31
62 2998
3234 2408
5223 1845
7382 103
5317 7427
4083 3082
1878 6502
4982 2385
5781 5952
849 6085
654 570
6824 6358
4592 7356
4993 4556
6332 812
5683 7590
5890 1861
7493 2293
883 5249
895 1419
981 7207
2611 505
3930 49
5608 3843
5689 3305
7255 4370
4089 3266
4362 5505
2056 1644
6928 610
2180 3574
482 7273
319 95
7027 4792
3392 5074
2451 7394
4186 1492
200 7680
5226 4163
4991 589
6232 173
3509 4213
577 3350
2759 695
2544 592
6912 6704
5076 3422
4622 4347
1333 1272
1780 1196
4525 7234
3156 6143
6000 2265
4211 715
3804 5640
6425 6441
87 7392
1692 5741
131 2018
1835 2945
1437 5938
1308 6503
2615 6350
3027 3424
4458 1589
630 7479
3986 3012
1773 4358
7694 1917
5403 7220
933 614
2649 3673
7295 2217
3413 7580
4138 6817
436 1348
113 4141
7203 1809
4384 3000
1628 6192
6598 6685
123 4601
2607 445
6184 7538
3050 3706
7651 3798
2401 583
7049 4449
4588 399
3742 185
5883 3850
5833 3613
1735 5020
1669 981
3629 3216
7176 7631
5102 4814
2520 5180
2303 6020
4224 7539
6962 3075
4791 3818
6694 987
4596 6577
6031 1129
626 2892
4388 5043
6178 7672
4351 1119
7073 5730
377 910
1933 6895
6763 5157
2757 3587
5618 2580
7443 1397
7314 7401
2523 1878
3334 6049
7112 7190
3384 5766
3097 4268
713 1764
1043 1382
7433 348
3953 4032
1569 6957
4689 2847
2254 2630
1956 488
3034 4711
4732 6674
4502 3365
416 5270
1007 1307
2449 3825
5979 1731
3951 2536
523 5526
5563 3624
4842 3267
5875 3766
6353 5109
1328 6068
7549 7578
7674 4161
5283 3130
4417 2795
6436 3839
3474 489
2084 93
731 5210
3527 7650
6578 5991
72 6120
6200 5123
4620 5814
6099 882
329 5799
2632 3609
3333 5177
3275 1625
479 1091
7588 6209
1821 4857
5377 6944
6245 4546
476 2935
6717 6010
1769 2309
6290 4097
2251 1112
3923 7545
5756 4434
6297 3702
6802 7470
1489 4466
1000 4307
6867 129
7612 6868
6672 5724
4164 4958
2339 3201
2581 836
4475 3897
2325 308
6335 4033
4288 1337
5352 540
6177 3403
2130 834
7615 1423
4326 3370
4347 313
7044 776
2965 710
6715 7665
4117 6815
6662 6416
6738 5613
3225 5543
1567 1380
1939 6752
6937 6392
4979 1001
435 3917
1037 1869
3193 2005
971 6500
5202 5404
4952 6888
880 3629
331 5048
5589 1411
1117 2872
3047 7378
2005 2797
3737 4013
6961 421
3110 7478
303 952
1620 7322
3838 4554
115 1356
4877 6819
1293 1132
710 1355
6272 6233
7480 4872
6559 3815
1436 4964
4249 3191
3111 7105
7301 527
1071 835
6605 2665
2928 5273
7497 746
6871 4473
5851 7579
958 1596
6569 796
379 6750
4042 3141
1003 942
118 1229
7098 6149
1018 1938
5189 2683
2122 4797
6517 4071
5118 3684
2317 3523
7416 4468
1338 2941
5656 732
5353 2299
4661 5651
2972 293
7076 2452
1225 5003
5240 755
6175 2047
4637 1467
5196 5413
600 217
5061 6746
1212 4584
4672 5261
7279 5678
3885 5524
388 4373
1098 3128
6665 1258
7088 5303
5470 1821
262 5243
2564 1192
2961 3489
1128 6018
6532 5138
3295 7198
4401 2167
2908 4987
1678 1504
5130 116
5408 1981
6890 569
6845 5924
6689 5337
1890 2494
4783 4079
2276 7143
428 6581
3440 4879
5112 294
2740 2591
3732 7627
7283 6344
6274 2702
33 5536
770 2375
6698 6208
2344 1107
616 5371
3462 3685
4391 6081
6477 6401
3747 3520
3490 1015
1482 6238
2434 1815
2897 1055
2299 5448
6927 4646
2262 3025
3459 3186
2590 1965
6243 682
1392 2908
6173 4371
1119 5357
1387 2224
4110 3328
6690 7124
5544 1659
7207 3914
1796 4925
3871 2825
6117 6190
6447 6807
919 368
1982 318
1323 7565
3836 1696
7618 1455
184 3945
680 7677
4364 4701
526 1306
914 2982
1016 5552
568 5980
7484 1763
5566 3007
1228 1162
3062 1101
6230 3651
3664 3239
5777 4608
4159 7540
5521 6942
487 2109
2480 6327
6351 5052
640 6534
5028 757
2712 3940
6445 642
1636 6137
383 535
5165 6483
4914 3478
6741 7184
2203 3821
6151 3426
4650 235
263 3509
5293 5179
4727 102
1968 5624
4862 2717
2126 2351
3031 6987
5141 3588
6855 5240
137 2495
7409 4183
6446 2763
6744 35
3738 4570
4910 5857
3422 5499
2761 4529
296 30
4129 5888
5020 5592
7247 4499
2651 6603
1971 6663
7281 2434
6400 1594
4820 6157
4447 4983
6233 1383
7300 1807
2841 1310
527 6975
4137 2134
6262 7176
2625 688
601 4563
4868 2612
1726 6586
2700 3535
6049 3416
6486 2789
819 2146
685 5367
7080 793
5054 4160
6680 3091
6568 2918
4519 1205
6877 754
266 2336
6645 3485
6684 1031
7290 3291
1165 2844
1242 2210
6209 6579
4026 4942
913 1528
4506 2289
7335 1853
5596 1683
189 5013
5679 4827
7034 3353
3004 5743
1206 779
7270 1661
7280 1251
2595 6351
2746 4113
556 5264
6362 1735
2970 7070
6643 1939
2305 7031
1775 1334
144 3475
3819 1530
2829 935
7633 762
5858 2388
7195 1462
694 4481
3881 2147
3660 2405
4109 1164
5760 4012
5607 4177
7262 3606
3678 1084
543 1687
5967 7686
5998 7157
2406 6580
625 563
404 5943
892 6902
6950 2506
2424 2287
271 4615
2275 2
6883 3250
69 7152
920 598
4404 2829
2090 868
4484 2090
4855 4557
2384 3033
1096 1194
6646 4385
3391 1147
7642 7170
4524 5828
576 5107
6769 122
3104 3661
5113 3876
7468 1733
2667 1077
2570 4607
5927 5751
5329 551
940 6896
5422 1471
4233 3759
459 5115
2838 4310
6244 189
4143 5758
5772 5033
5947 231
3751 7557
7147 7181
6988 3074
6155 3511
2288 1891
1181 4891
6423 4812
6320 3425
2978 1518
970 4603
2202 2239
5892 1481
6404 3107
4957 4014
6587 5636
5418 7296
92 1235
1141 380
5453 2747
5421 4424
3169 577
5134 5372
2040 4319
4768 4308
1531 5545
6756 5591
2452 6973
4808 6422
1959 6440
6413 5675
1891 6787
4019 2307
5233 4921
2044 6003
4241 5006
2077 2856
3451 7372
2627 3497
674 6230
2216 4123
6785 7014
7110 939
728 3055
6065 4085
433 2879
1326 4257
4730 823
5850 3760
3069 6870
2176 4217
6101 6794
2923 4164
5446 2913
63 376
1126 6703
1672 1962
4131 6390
2614 1271
4310 1760
6930 948
4972 1200
6712 3330
7406 199
4182 286
2878 1485
1140 4313
3540 5711
7355 1689
3173 4515
270 843
4667 5393
6146 3623
5560 940
5649 622
4082 9
5497 5451
591 7350
2361 6894
1146 5137
5214 5843
6448 5614
4421 6792
4187 3819
2699 871
7692 6309
458 274
2732 4043
4718 5579
1099 7264
6466 4583
6594 3840
5614 3390
4576 6955
6344 6774
6811 41
337 5498
6512 6229
7653 4699
1274 5217
7671 6723
284 6166
3892 2237
1930 28
2724 3242
5306 4581
44 4258
3297 1879
5092 4009
3569 1949
4368 1434
736 3351
5523 3079
6 1957
3237 1468
7526 1404
5047 4898
1655 6939
7411 4951
2059 3713
7572 3556
7402 5278
408 3569
6774 4151
1383 7389
6316 2171
3889 3284
4705 4537
2086 2654
1604 5618
5751 3521
4933 6847
136 5488
2238 971
333 5165
1491 2432
4027 3152
1251 2529
3265 7404
2875 7380
5770 6220
4799 734
7430 4638
4959 3087
4440 98
988 6030
875 750
2419 3187
93 2640
5082 4660
1670 2062
5332 1654
4603 316
4845 3718
391 7500
3686 3412
1416 3494
2692 636
1232 6731
1400 1151
2067 7682
6239 3178
1705 283
6074 4146
3908 1746
2620 4914
6419 3769
1502 5460
3356 3993
2228 5172
530 6816
2891 1548
3633 4292
812 7530
3041 5401
5093 1923
7368 4323
5179 7191
2442 3742
3153 1020
4470 6890
2009 7604
5000 5599
4946 600
2640 3495
6766 2410
7002 6918
2397 7523
5340 1899
4681 2864
2168 360
1506 6602
5065 2972
5358 6378
2973 4477
4144 6084
3506 1885
1916 1652
4879 3576
6228 2711
6310 5206
5646 7552
2985 6402
2058 1628
2478 6631
106 2746
4122 4756
6371 7162
4558 1106
3309 2958
2696 7239
2685 1572
5821 3834
229 2821
4281 6994
4095 5944
4953 87
6257 5248
3475 934
6820 7142
5963 3381
4856 1677
3594 4210
7209 824
1005 6671
1299 1512
5717 6726
5815 4802
5297 4820
1069 5698
1135 2855
2806 2227
352 5102
6980 3986
3444 2010
3292 3547
7590 2594
2887 4306
4975 4479
1873 4391
2776 3960
7514 1995
6226 7382
3637 339
2003 4002
4638 3903
6686 2130
2729 323
978 3998
590 7307
4749 4226
7552 1239
7251 7219
5330 6861
2192 6935
6091 2659
446 1414
6144 2158
7444 2975
5207 3308
2236 1699
2705 3325
4356 4610
6109 3669
5991 1806
2624 5903
2019 5081
81 4996
2083 1276
1275 3286
3729 1490
874 7136
6775 6012
2917 309
2832 7169
2270 782
7472 4300
7339 7659
366 1166
414 3008
2414 6069
3424 4757
5144 6140
829 4345
1653 1890
531 6260
655 5151
175 5427
7640 2013
6814 3724
4392 6165
6162 4320
4817 1653
2211 4119
4185 7632
6254 3610
5261 4681
2473 6522
3537 6720
3898 5725
5237 6374
4634 2766
891 5476
247 6415
83 7648
5529 7357
813 485
4676 5152
4893 3797
7682 3795
1546 4124
6620 148
5973 3114
3533 4171
3166 7600
5671 5200
5279 6576
5120 361
7594 6706
3218 1774
222 4115
3245 1286
2160 3198
5785 4327
562 5424
3724 5336
5527 7185
5266 4272
1238 6679
1516 3337
60 6928
6885 2808
4598 2496
1962 3190
5448 5230
5059 6013
826 3393
6491 599
5433 837
5856 3968
2381 2530
1185 5681
6260 2986
5260 1813
1186 7547
2460 1862
4913 887
354 5021
3432 995
1104 1549
6147 1314
1167 4019
5658 4074
3060 5453
4387 319
2342 4548
1786 1646
4140 5406
3895 1900
7585 5674
6860 4831
2349 4611
7415 3852
6722 132
5077 63
2789 3608
1248 2180
2512 2549
3560 511
6029 5705
952 1070
3122 6790
2309 5291
804 4498
1372 5912
7431 7222
3833 1089
4632 5979
4157 5356
945 2685
4920 2205
1927 6960
3548 7460
3161 555
6718 3999
1848 1872
6108 2058
5982 6164
1020 3073
1613 5259
17 2770
6152 2652
1661 1584
1888 461
3912 3451
3822 3518
3522 3255
5941 2718
1478 7393
779 7451
7155 2446
905 968
4139 1412
5321 6572
5238 3728
7292 6730
3271 4430
660 4000
583 415
6085 2273
3489 4256
6783 1562
5045 2622
1060 5932
6666 2969
148 5153
1079 80
4499 4390
5909 6372
4177 6625
6283 538
5540 1359
558 2136
868 1140
4218 3036
7465 4408
2445 2319
3661 3294
1405 3261
7298 4639
2767 3710
1147 4838
1813 2023
2533 7061
4559 3581
2403 4312
4907 310
1730 2025
1561 3939
2716 3908
143 6045
673 5275
6856 6881
2925 4359
3547 2675
4669 1
6355 3519
821 4116
6424 1620
1349 6754
5106 1268
4936 6532
5449 5971
3755 1211
4334 2649
6706 3098
1285 4539
5780 2073
1601 1519
6461 2816
3307 6139
1454 3268
5668 4083
2310 1732
7655 2994
4028 6892
1942 3645
7133 6403
1638 7057
955 3111
5397 7212
2816 3890
6331 6953
5074 3784
4928 4364
5040 2498
4699 6830
3562 2891
325 51
5080 4447
2020 6254
3911 5831
6946 3686
5978 3568
452 6321
3706 4807
1532 7435
3800 5322
4339 1664
6910 6457
1342 1837
5057 60
6459 1973
7234 1430
4624 4388
730 3064
6951 1444
2725 3725
6923 301
111 3976
2087 5670
3499 529
7419 69
4403 1282
4181 2786
96 6135
825 6693
6528 7499
726 7165
7284 20
6240 1489
7562 7697
7108 7613
1355 5803
68 1550
5906 5852
5910 5174
2502 3552
3886 1799
5519 6080
4311 1400
4090 2843
157 5361
5325 7032
2930 3166
2420 481
3956 6665
5105 1849
7532 5027
3326 2174
2754 3385
1381 6657
6267 7674
4770 7312
3359 4543
90 7581
2845 2920
1106 1811
1727 4266
4252 3514
403 7227
3016 6129
2109 3991
5483 5301
2728 5732
4660 6721
6704 949
417 1320
2264 7053
4738 4367
5289 4389
4643 4054
841 7370
6411 2066
3253 5421
2896 137
3764 2728
1497 253
7495 5714
7528 5443
5513 267
5071 5690
5633 6343
7641 7607
3439 6553
4041 5584
3222 4632
5862 2735
2721 4500
3054 398
3033 7005
2747 2008
2510 1719
5010 5473
4740 1283
2161 6643
1966 5296
1112 3513
5624 4227
5079 2919
3257 7091
4916 7610
1829 248
6132 2682
6919 5728
3404 943
5361 4195
803 7173
5730 3148
4996 7034
1918 6677
3601 1990
7263 2985
1501 3245
7502 1069
6054 6193
1219 374
2331 6356
420 4228
611 1893
4572 662
7351 7213
5034 2017
7326 297
6921 2634
5577 2400
5707 3768
921 6043
3364 631
3576 4517
3528 6781
5394 4688
385 2679
6018 6653
396 2850
3550 6607
3705 6948
1686 6179
1886 3696
6191 1742
5417 1967
5410 1305
2895 2463
3086 4382
142 6801
3423 6279
3500 7377
7014 7466
5119 4245
1565 4768
345 7495
4050 2722
6062 1966
1065 3490
3182 3699
6614 7303
5878 4635
1700 2753
6515 2314
7127 2871
1681 3044
3287 392
4564 5087
6386 2072
2576 2476
1677 6675
4923 7679
6809 5572
6395 4420
7139 1979
378 1940
108 349
6250 2032
4880 998
4874 72
1850 4633
359 2470
4800 795
5001 1493
2135 2186
4039 6090
5706 1000
2628 6005
1475 3806
7107 2070
6844 1720
3286 3001
1710 4144
2189 7189
4087 6668
7454 2586
6929 6912
5123 5054
1563 6638
7227 3778
1808 7514
4735 4365
3212 3582
4642 3361
2470 4023
7602 6882
2572 2252
7672 7330
19 6526
3789 7586
6497 7112
6163 494
4145 6854
4911 602
4119 2828
3757 1110
974 3869
1256 1554
6420 5638
699 5972
6564 3458
7374 2547
4720 975
4495 3785
5265 2926
6383 6506
631 4505
1313 3781
966 5125
4963 7059
698 6911
4939 1254
1433 6493
3087 6240
3396 2455
1307 6425
1189 2183
6464 2418
7043 5216
2643 5154
6626 7329
256 3683
4266 6420
3929 1546
6097 6940
3867 5080
7306 5961
7604 303
3694 4242
5249 6915
267 5669
6659 7619
6902 4127
2979 6514
121 7360
2957 4072
2645 7463
4485 1017
7475 4304
3270 2960
6556 88
6484 2050
5511 2545
602 432
6502 5827
1937 2105
5916 2407
5559 157
6858 671
5110 478
823 1339
1924 5789
5015 115
6584 417
7336 6079
4906 5966
3925 1010
1843 210
863 4884
771 7171
161 6544
7144 4185
5676 7262
5262 1517
4246 5116
321 4682
445 1637
7246 5875
5291 4850
3203 7683
3775 6317
3304 5434
1315 4431
180 2396
1900 2332
2808 2426
306 1311
5934 691
2365 1638
4410 3899
246 4196
5005 4670
1946 6645
2677 4707
4691 1167
1708 5527
5163 7040
2516 803
3403 1892
4514 5070
777 1210
7553 1591
2911 5004
6865 714
844 3233
7628 3832
2148 1157
3302 462
664 3868
4044 3005
3631 4798
3940 3382
5847 5734
6370 1104
3174 4174
5590 1911
1712 5119
2559 7533
7456 2883
862 5778
5087 5967
1720 2546
3089 1238
4983 3307
5168 6933
1187 4977
1150 2744
4198 2929
5091 1582
7489 4076
4253 1873
4113 1074
4707 3672
4994 2768
4589 181
5292 2203
634 503
6705 4455
2459 1063
6189 1599
6727 386
2006 5113
6481 1632
3017 5309
6313 3980
1273 3638
89 256
4135 4255
7086 3265
5370 606
2252 3206
2137 3717
1200 138
2903 5538
5805 1047
4726 3912
6561 7229
456 7305
5921 6274
3071 4509
3587 7395
2670 1984
14 3865
902 3598
5582 6504
6349 1463
520 2101
4498 5522
133 3066
5328 3875
241 665
1711 1836
172 4721
511 6298
6319 1009
2694 6971
7583 6524
4073 475
1015 5563
3046 509
6056 7096
3904 1098
5372 7175
4960 81
7650 3069
4866 4060
1339 4267
4294 4263
6328 4622
3829 4984
6621 6592
3443 6428
2024 3619
820 3549
1634 2110
1980 227
4405 2161
6255 3628
6469 7589
1362 2449
4578 2247
853 724
6572 3052
16 289
7387 7008
1770 239
6167 4237
429 3801
2322 5263
1460 7376
5644 1193
5322 6286
2989 1373
1840 5900
5014 5688
2499 1394
1688 1816
2263 6131
1754 6200
856 5370
7217 5350
2984 1255
7609 6218
4883 7437
7201 2089
2963 62
6526 1706
979 5100
3325 4742
5406 832
3612 6154
3437 1219
2889 4549
2810 2620
2242 6805
5779 6259
7116 3995
2977 6492
1136 7025
3512 1029
6124 7629
5841 2759
4127 2469
1881 865
7035 1073
3210 4273
4056 2863
6874 6388
6560 5148
4769 5665
3716 2053
3102 4640
929 4450
6121 5214
6719 6246
7515 2194
6100 2657
4094 7405
3067 6452
7332 4081
1373 3401
872 578
4801 3641
3059 3817
169 6355
6441 7236
3280 5483
1738 2518
6789 2956
7536 4789
3389 4162
7380 7054
5514 2342
717 1561
3535 1266
2389 395
4904 1575
2257 2688
3973 3902
6136 5782
5151 6833
6414 5580
1528 3589
5468 1086
6220 2014
6204 4992
2220 4325
4766 3150
316 7572
859 4318
885 410
5236 3200
1590 5378
5968 174
1874 5525
4806 326
6298 5911
3230 4061
2229 1003
5852 4015
743 3028
5419 7018
5030 2916
5356 6779
7638 3131
5427 1808
6767 4918
2332 4179
2143 4619
2101 19
5932 220
2237 2465
1252 2987
534 5311
2260 3395
3335 4269
158 1578
441 6291
4003 616
1919 1233
6600 6065
1721 6050
1366 3047
4664 7245
1033 692
4321 1353
2273 3783
1764 735
2606 3481
6183 4822
3491 7232
656 5480
2785 3990
5248 1780
4381 2312
4621 4134
615 123
5008 7149
6653 2745
3544 844
3588 121
3754 33
5742 7131
5692 550
2519 1798
2457 5883
3816 958
7441 2021
3618 574
3467 127
2268 6367
4714 6670
6550 7044
7248 1332
693 506
3937 2632
1180 324
7575 1595
5439 5316
6900 6568
6073 2233
4511 2129
422 6849
5547 1641
5745 3975
4619 651
4284 4068
1976 955
5396 5809
7342 781
649 2849
797 5942
648 7098
3683 3707
6483 2800
4587 3618
1399 5916
7125 3921
228 4962
909 5918
7616 4335
712 2526
5893 3171
6057 6235
4373 2102
622 5540
6547 7614
1816 2962
6357 1838
3493 2458
5331 6843
309 6468
4646 2199
2036 2188
4199 3196
4798 1759
3472 7284
3785 2830
2639 6318
3036 7320
5035 6609
6831 2827
6365 2980
3987 1725
1453 6872
6583 2792
574 2248
4614 1566
2990 4439
398 3124
700 7414
2235 3126
7303 3193
3143 6375
6427 1420
7429 1456
338 5396
6287 2128
3148 4786
1675 3592
3417 1072
6398 1095
4130 6962
5605 7065
3905 7354
3350 3392
4047 6314
3750 6158
768 7490
1445 5320
1216 1647
3123 1390
4295 5761
7157 7591
4640 5281
7466 5594
1787 5127
2777 6978
7563 3292
2987 1513
1704 230
1288 4096
6734 1860
6063 6051
6942 6842
491 1814
832 6778
2201 3208
1496 5733
3288 4953
6700 1534
7681 2678
3260 5768
806 2301
6171 668
3740 2259
4418 6769
6160 391
6363 1797
4010 4333
3394 2480
6102 2870
4344 3317
3014 7426
7467 1522
6505 3946
7051 3181
368 1505
64 536
7214 1574
7192 3845
488 4105
2336 2241
5750 5696
2868 5838
4431 6046
4370 1547
2239 5283
6804 6461
7082 4194
244 4791
2912 2442
3433 4264
7333 3858
348 7138
6635 784
3160 3315
101 275
1913 7351
2423 6922
7436 4551
6388 155
609 747
2750 5987
5548 2543
3419 5484
1999 1057
548 1998
6358 4322
4462 772
643 3855
5043 1388
3918 2505
1901 866
2703 3223
6360 1650
4300 412
839 1727
3607 5390
1517 901
7403 3532
2124 3711
1643 1459
80 4673
5555 5225
351 7507
3658 5385
2088 6109
6336 1871
357 2661
5842 6530
4242 2438
5278 4506
995 3354
5323 7387
6028 4762
353 904
4859 5040
3842 4593
4209 3594
7325 371
7022 1293
597 18
5583 6712
1782 4858
4147 4617
4494 5355
3682 4720
3263 3386
7610 3067
1127 7666
688 4943
776 519
5004 4331
3481 3972
1480 1567
3856 4718
7294 74
5708 3453
4420 434
2387 2048
6624 2967
4552 5547
1811 7497
2232 6134
6111 6205
3805 6237
7118 5750
1965 1347
1863 1056
539 3561
4682 1476
2974 4400
3990 2140
1494 3002
4752 5191
6868 7391
6534 3277
4487 7555
7331 265
2461 2284
5019 333
1570 4662
6527 6647
1114 183
5145 2974
6701 7039
2588 4168
5155 4004
1137 1114
6800 5223
1340 4437
4938 4739
7282 498
613 2049
1382 2885
1182 899
1657 1559
6039 1723
6275 5213
6119 5749
4508 1987
3411 5120
632 5061
4070 4833
5242 1025
1723 6636
1892 4912
5392 827
2507 2736
2127 7502
7090 3155
7120 7109
3806 6244
759 1645
5936 6226
3959 7517
1849 142
1272 3172
3880 5917
6291 664
4149 4928
1603 856
7621 6345
5667 7110
1525 986
1974 4600
5660 7250
3647 4651
4075 270
5925 4216
4548 3077
1575 5095
3254 7164
4736 6919
1548 3620
2813 4055
6315 2487
3441 2153
6317 2611
4776 7166
5338 848
4616 2712
2118 5237
4860 2692
1019 3051
7071 5182
931 1867
2096 1533
7026 3954
4202 108
2846 2606
5520 5865
4400 2185
3372 2044
4636 1453
5992 1375
2991 4080
1056 255
1519 5702
7390 3720
943 6780
5826 5737
4929 2788
2982 5299
911 4180
7041 2406
5024 1553
2488 2881
6819 278
6740 1252
5339 2765
6070 5140
1424 3648
4814 7646
5500 261
4757 423
4037 4530
2200 4536
1439 7639
5757 652
5506 3929
1925 2880
2558 4519
2030 5394
1337 1745
5276 3794
7559 222
3502 6119
5937 3919
5866 687
4944 7062
3434 4765
3603 1123
705 1439
265 4689
1425 6095
7349 6002
3405 768
6368 752
6952 1597
1572 4218
2661 7172
907 3961
1832 1895
469 6097
816 4469
4521 1679
1240 1633
10 5549
2736 4631
4802 3599
3596 5335
7404 5018
6838 7072
2995 4874
4516 1607
4750 1367
5604 3488
1277 2131
6154 575
6567 3802
3268 561
3887 1773
387 7011
707 1328
31 7188
7171 14
5499 6063
5466 7021
6610 4251
3700 6972
2934 3043
824 7140
6739 2599
2495 2341
2744 3035
3538 913
3921 7119
1742 5341
848 4968
4101 2215
6699 1775
5232 6360
3175 7102
2443 659
1792 100
984 347
7199 7037
5493 2901
6174 3218
4818 5946
1014 5329
4057 7179
4443 840
3791 6488
3152 6727
7579 3156
7341 2402
3635 4030
3654 4717
6050 160
6076 3219
5478 6976
5796 3209
6518 5092
4851 1387
2905 539
5286 6376
2969 5221
5802 2534
1282 1113
3872 3867
876 3938
1806 4866
1757 2096
5162 5806
5818 872
67 3505
5819 3348
7223 1243
7383 6658
7128 4491
506 1062
6304 860
3379 7412
5097 1945
2016 5160
1866 2905
6640 4049
1839 89
4301 2782
4510 6783
4479 2206
5675 2488
2259 5769
830 3499
2593 438
6212 4906
3745 4132
217 2610
7405 6459
4945 5962
3555 2767
288 2550
4692 240
1082 2204
510 4423
6750 6104
6788 3626
5221 4568
3290 7598
3665 6934
2907 3981
6841 5188
3837 3969
2723 4170
5159 766
3882 2331
4304 4118
5763 6357
7530 6921
1659 4309
2660 3170
6431 3743
2574 1097
6452 744
587 5192
5402 3
4255 6136
4830 2468
7576 5135
4537 1066
2681 3548
3825 6276
2169 3050
5767 7263
3734 833
1654 4005
7166 7472
5252 1391
1989 7289
6341 4559
2788 3466
4059 566
5846 7324
7689 7407
1759 4016
7557 440
3642 1180
5381 7374
4532 742
7211 2877
3790 2441
4434 2840
1354 3484
5135 4480
2370 7455
6242 6033
5069 2868
470 145
5853 3835
7124 6839
3668 4291
1597 4926
5175 7150
5680 3464
5896 223
2765 2650
5830 3486
6134 5642
1527 1331
635 3450
6499 7134
5755 5764
7529 5627
6771 3591
6409 684
6827 2953
7208 7446
3903 3371
4262 5785
1411 114
5533 2479
3094 7457
4013 5548
4825 2923
7097 7432
1911 6062
4034 3698
6920 3272
3162 4259
4571 483
519 3228
7215 6312
739 4775
7224 4472
1363 400
7435 2884
7267 7331
3824 3926
2469 1523
1406 607
4380 5554
6214 7007
3224 1362
6105 4852
6786 443
3487 4232
6816 1478
6004 1128
5732 1924
2679 4522
2175 1240
7187 7625
3890 5104
619 6037
7687 6083
1596 874
1550 2115
6772 2114
5078 789
864 1858
3361 4910
4900 2061
2008 2356
1817 3577
7065 3287
3858 4578
1158 6227
5244 1624
7516 787
814 4328
5231 6206
683 7000
5816 982
5623 6777
208 92
2953 761
4554 5907
2301 5096
4703 4394
691 829
6300 7649
4102 6370
6917 5941
159 5067
4454 342
6041 5251
1779 6850
1093 1564
4343 2419
3989 7362
2208 184
1001 3779
2844 7524
5980 6656
6195 1173
1105 3139
5438 2647
5117 7306
415 3496
4303 4436
1048 5680
551 3300
4430 5559
2079 521
4366 5777
4275 4848
3189 737
3132 7001
3702 693
4256 4844
1178 4579
7104 7423
6199 5150
2650 718
171 4618
3812 2911
4264 5447
4468 1027
7366 2300
5334 7529
2763 4668
3567 5254
1164 4222
2117 5252
3172 1014
6933 1304
2945 4111
6382 7155
4739 1217
7232 4298
2178 590
4680 4209
4896 2564
7397 4846
5371 5203
7241 7505
5922 3236
3977 6824
711 3987
6058 464
6325 5014
6013 1700
4892 3154
2145 7279
2994 4492
1535 6455
5766 2382
6708 2568
4696 1958
2071 1484
3352 4627
4533 1536
6501 194
657 3306
4717 6263
5140 1741
413 639
7660 7028
762 3217
3206 2660
2554 2952
5897 5292
3753 4201
7150 6436
4112 554
4531 7458
6285 6494
1449 956
475 424
2133 4694
7593 1111
3624 5709
2427 7257
5487 1092
4967 2262
3517 5755
1229 414
1951 5800
2947 172
4076 5456
4551 4340
761 5304
12 5861
585 320
926 1762
5613 206
2110 7689
6673 3757
2359 6862
4569 1953
6019 5280
226 5093
5423 3256
5645 3688
5685 460
4081 7151
2596 147
6531 769
4734 4254
2144 1222
2326 6659
2300 2557
3421 225
3137 3232
7221 909
4688 6339
589 70
1541 5389
5516 480
3947 1144
1693 188
4309 6066
5354 3270
5383 3810
7490 5288
6603 5573
35 2623
3484 6473
3026 6820
6025 2601
7037 814
1253 1662
1418 6644
381 1041
5374 6652
6172 362
160 4590
5363 6943
3779 4166
4183 661
3687 1351
7174 967
5942 7434
5333 4725
2390 6692
1970 2079
260 6738
3606 1734
6588 6429
4721 5267
332 4278
7143 7161
7154 2082
5299 209
2547 1386
6617 1199
1327 4011
2313 3860
3277 6786
1317 5232
7137 2513
4022 2996
4163 2813
6193 2999
3181 5362
2027 6624
7545 6834
1639 2231
1260 6989
865 1791
5026 5811
2578 6324
6805 657
2916 6593
5150 1736
3752 2445
2546 2208
434 851
7639 6857
1341 6705
2880 1674
4333 4702
2173 5178
2497 1606
4543 6559
2858 6543
5066 6809
3453 2948
239 3564
7237 3259
2745 2738
5416 473
2556 4421
362 4816
5429 3474
6006 2477
1074 928
647 5409
7165 5845
5398 2064
4785 4736
1477 3631
7198 2080
5631 5825
791 1852
6623 2078
3784 2578
4702 10
2013 7107
2494 3905
1087 4753
878 7238
2818 6397
7698 4243
369 1445
3558 56
6790 4595
71 6785
5987 159
4973 1108
2181 7218
1486 4795
4710 6078
786 4369
5128 6098
4520 3235
6405 2896
1207 5663
6153 6539
4165 6082
3736 7671
1973 5487
4227 76
1871 6947
6406 6950
335 3749
5975 2267
2223 5218
6895 6470
1703 1685
3121 6621
7004 78
30 4966
3814 6113
312 3737
7686 3060
6808 7243
7010 2621
4243 3601
1685 3183
7269 2503
5067 6702
1101 4377
7492 1743
5822 3454
5364 2152
5075 5759
1357 4523
3985 6195
4763 7231
419 396
3231 507
5653 2933
3250 3747
4775 7294
314 4840
7219 3813
7132 586
6187 5863
6991 1817
1746 5170
5263 7624
715 1569
5694 4008
197 1019
6758 6380
1529 1438
1291 1943
3572 1839
3831 6583
4657 486
1903 4751
3980 4103
6687 5097
5647 1330
5254 4399
1852 4483
2362 3254
7669 4975
3128 4001
4302 4881
1952 2413
5504 5071
2613 1461
3098 5036
817 1249
85 4708
5971 5518
3972 7361
627 458
3680 3941
3949 7653
4915 6289
3733 4994
104 6282
1588 182
2491 2748
6307 1922
7061 6303
6911 4576
2529 7522
4212 195
2690 1520
5765 2648
2652 5185
5712 7480
4020 6071
7613 3617
782 1244
2704 24
512 5925
2441 7388
3549 5422
6671 3853
1271 2461
1872 4017
2194 1267
2642 6698
6176 6228
2012 153
3793 1172
7083 266
5993 7006
3373 6821
4790 3437
1545 4348
2689 6414
109 3113
516 6591
4208 6023
4813 3877
6012 5450
5845 3910
1774 1927
3446 5439
6369 4344
2221 5419
3195 6341
7357 2200
5926 3207
661 2741
6604 416
1058 4169
908 254
5471 2701
1955 7129
7235 1088
4683 3942
7197 139
4048 765
6027 5659
3313 7633
7205 6552
1637 336
4870 3780
7391 6252
3688 3101
2568 4997
4360 1931
5197 5945
4031 7193
7054 5612
7347 7698
4553 5034
1559 1136
2108 7311
3531 7599
6836 280
6797 3080
6892 5388
1540 5485
5952 7090
2066 3298
499 936
2952 5159
2060 3269
5051 7078
7179 6728
2741 2376
2966 5974
2312 1834
3801 2390
5126 388
3201 1058
2506 7068
2508 2572
5357 401
5125 7318
5095 4021
37 7541
696 1776
5215 175
3525 1469
5650 5829
1524 3705
5744 372
6246 1910
4426 3241
279 6751
5474 5038
2796 3787
6535 4190
4422 4165
6729 3469
644 1600
7428 5528
2731 5195
502 6170
2037 591
2487 6667
7101 7051
7164 770
1281 4961
7581 2737
1224 4206
3999 6406
3981 4596
3298 168
409 4826
7345 2456
6125 3104
2879 3360
7330 2387
1243 5029
5385 7103
486 5024
2484 5960
788 5215
4980 4558
22 3089
6570 6191
4878 5839
5664 17
1067 6181
962 6058
3445 3551
4330 7083
393 7464
112 1384
6563 1666
7510 4863
11 1770
3994 2817
3681 2751
7075 7241
315 260
3936 725
2522 1212
6954 3937
474 346
2207 7064
7685 4279
5185 3020
211 1189
1573 5144
4492 1100
7175 2261
1614 5561
5257 6132
1689 4531
5400 2500
5620 5489
2881 6362
7315 5896
1077 6287
6707 3771
7099 2255
4086 3413
3312 5343
1687 3656
733 7584
1314 5437
4792 4933
7423 352
550 32
3239 1253
2415 91
3012 359
1660 7137
6852 646
7521 5047
3969 3492
4641 5805
3188 2820
1210 5837
5070 6147
7512 7298
1154 6366
2856 3205
3211 1740
2673 5359
2602 3689
7424 801
2102 6917
7684 6261
5256 2936
4419 2528
4742 4566
493 7425
7565 4667
1701 5722
704 4783
7278 4452
4697 4037
3820 4865
6866 6784
4748 7141
6726 3045
3507 7194
1361 1820
6453 605
3570 3140
3713 3477
5684 6876
5953 3447
1998 1535
2062 7009
6846 86
2184 4930
4331 992
4335 4524
6731 4602
7317 6073
3187 655
3868 7343
7244 4780
3891 2071
4518 238
7473 3550
2849 6239
5939 1226
7289 2226
1298 4181
1100 1472
6938 3863
1938 1034
4263 6793
3823 1044
2669 1460
2363 1921
7159 669
4747 1793
3645 3997
1444 5523
3380 548
394 5623
1360 5051
7647 269
7126 1124
7372 1969
4016 5131
7036 4862
3900 6528
1204 250
1249 4362
4012 4843
6607 4598
5285 7637
2900 5345
7699 6932
7256 1500
5250 3545
5872 6574
203 4764
466 4182
2098 1552
5486 7159
617 7620
1826 2364
5365 5671
3496 2178
5178 1475
6516 2900
2350 6616
4626 1884
3960 405
447 5742
944 7123
5415 2149
1469 2558
3696 6141
1948 7588
4909 2713
2988 4744
7573 7691
2392 187
7318 7077
5316 7532
1427 2244
965 7669
5812 4349
1276 2556
2028 4830
3252 6836
6913 4986
5588 2068
753 3579
5778 1739
5312 3983
4067 5114
3832 2562
3679 1598
2458 4230
3106 7063
6812 2302
4811 6596
5762 3636
6873 144
3492 6465
6129 6407
2914 5581
1268 6926
5794 2955
2549 3627
4804 3693
3783 937
5598 6800
1943 1503
3196 2275
3712 4112
7393 3399
5463 4193
6832 3952
5424 888
4460 5373
2205 6782
2882 2511
3796 5645
3628 5323
6765 1185
7329 4678
2942 6308
177 3652
2064 5626
3366 7667
2769 4594
4777 2192
6221 110
7167 549
598 7215
116 4755
6510 6482
3436 5913
2748 4155
6939 890
7122 4175
4784 6145
1374 4396
4694 6711
5281 2670
570 5383
6030 2656
3938 7488
857 5816
7146 1395
7591 5576
4325 1329
689 5111
1568 2177
277 2424
5304 3887
1745 5598
2215 6102
3794 4026
5900 1153
1221 6855
4379 3953
386 5446
833 4849
4316 1246
5187 5959
3725 2337
3005 3973
2230 6757
221 4788
6504 198
1352 5397
2955 4406
1152 5887
4306 5313
5445 7251
370 2559
6077 581
1915 6633
6545 1782
4005 3957
5517 5506
1021 1184
2333 1658
220 7085
7517 1241
2749 3471
3151 4150
7569 6363
7448 3616
5795 1555
2579 5379
6017 4200
3178 4397
4698 5057
1026 5250
1549 3332
1884 6903
3216 5657
3556 6121
5149 2940
6234 3848
681 5209
4308 1317
7631 7452
5204 2638
301 2664
4369 3100
5637 2706
4898 1213
5084 2696
1320 2212
6555 6840
3756 2179
3099 1287
2078 1857
1768 1952
3024 381
5489 3635
372 3085
2623 6296
3075 166
6523 3539
3019 356
946 6262
790 1855
3144 3703
4062 1618
240 2961
5194 542
1265 5910
4713 2501
4298 1970
1484 6454
2798 670
2278 7410
6114 5999
1533 5721
6762 1796
4118 3571
3553 727
5576 4203
4332 2569
2348 3445
5271 5347
3563 1544
5298 4941
3739 1684
6038 869
365 700
4136 5600
5501 5346
7020 3516
6709 3274
1940 5205
5573 7675
2659 5053
5554 2733
2080 7489
5593 2742
537 5882
764 5720
3281 5744
5840 7471
6247 6268
3395 5869
2391 3456
5912 1350
3273 126
6123 165
6040 6453
6075 3211
2755 7299
343 7491
3375 7429
234 1767
579 5085
4033 2662
2246 1619
2183 6565
6397 3773
3341 587
7182 2639
3634 5954
6755 2553
1912 3423
6654 6053
650 7259
855 685
1767 1183
7596 3804
3091 6766
954 6133
2191 1316
7272 1125
5318 562
3197 3836
7564 6130
948 2028
2280 6811
3199 4035
7620 6735
5857 6509
4794 4383
4267 5219
5955 3644
6616 3288
6215 1141
3649 7525
3103 3164
541 1338
2490 5676
7378 4225
5622 6558
2147 1236
3771 5403
5152 2502
165 6880
2347 2397
3435 7593
4563 6257
2089 5851
6609 722
2589 5208
2039 2450
3863 2142
4120 530
5467 1832
896 3112
3948 6242
4655 5212
4924 6486
747 5587
2402 409
2138 6326
7006 1278
563 2921
53 5211
6675 7016
999 6329
772 2826
5296 163
3622 6434
3159 3866
5959 2815
6053 4653
431 6946
4526 6992
4595 4769
5848 3873
769 382
2504 3649
2214 2802
3414 5568
4229 3293
4352 5619
1836 791
3902 4759
134 4117
75 4212
7131 2761
5099 5090
5652 5820
7216 2943
3438 85
3915 4276
5049 97
3817 5668
2477 4937
6982 7592
7193 6788
7210 3224
219 989
2709 7681
1052 4878
2073 2839
4570 4249
1894 1964
6813 5430
3684 601
5617 6696
1109 6039
1347 2803
3846 3057
5393 447
936 740
3942 2127
145 450
5814 1961
7047 6729
29 3318
1883 2991
280 5449
1261 1558
7068 723
7181 4637
6821 907
4821 1778
2876 2225
5960 990
1139 4173
485 2232
3505 1790
1370 7450
7111 4774
1978 5298
992 1028
5455 1648
281 3701
254 2708
5229 5992
2069 7560
3792 7396
7307 4069
2213 1289
5774 2297
6322 5420
6460 7221
5552 3034
3667 378
2647 2166
3714 4341
5564 5899
1377 2603
4762 6359
6660 7420
5235 1722
1457 430
794 5864
2567 5968
3192 3680
1350 3625
7630 1302
4684 3719
2920 4460
4997 5083
2446 6557
5193 4027
6963 4645
6529 7163
1622 1568
7420 3297
915 728
671 3463
5199 2593
4884 3943
1977 2022
3064 5169
6217 3808
835 2412
7190 7325
1683 2220
1495 3189
3543 6846
3310 6582
2 1980
216 2189
392 6899
6482 564
1179 1230
140 3313
3526 5906
716 807
4931 1295
1023 3448
628 572
5031 1385
7540 6573
56 4877
1753 2852
4715 2492
3874 4677
1 5673
3834 6171
904 218
2277 922
774 1788
6519 77
5752 760
4848 3543
515 3814
6279 5605
1059 6632
3719 5854
6754 4959
3582 1051
3853 7210
7496 4280
514 1635
1904 6748
871 3503
443 1232
1490 1470
440 302
6488 2739
6034 4401
5359 5315
4307 2291
5669 3692
5142 1803
6458 152
1983 5386
6292 4564
5475 1259
4072 964
5472 5368
957 2181
4472 40
4162 2851
2657 5513
2701 6690
6918 4860
4846 5325
7471 7088
2435 6905
1586 3528
6784 4946
4203 7367
346 3283
5481 3927
3529 5666
7394 6680
4917 3788
951 3816
7060 7661
7577 1935
2399 6925
1651 101
6682 5876
5824 4501
3849 3040
2498 5190
7580 6879
4937 7568
4425 847
7239 4487
4828 3721
3460 3244
27 4062
3256 3676
276 3531
4476 5948
4305 4730
6847 5846
7134 4029
2245 7510
1081 1146
521 6859
1083 2315
6213 859
7677 3498
1799 3512
3117 805
1086 2823
7230 4047
5702 3525
5595 6838
1197 7073
3410 1064
6702 1627
3458 4176
5096 2367
4322 1458
3652 4137
767 3103
4324 7601
7359 1443
6381 351
7213 6060
652 345
5748 299
7353 5143
6061 3430
7087 7644
1322 5926
3839 826
1046 5245
2140 1909
5931 1613
5508 3157
1294 384
3711 4102
5720 1279
5055 6875
1987 3735
4951 4916
1443 1527
6792 2346
6576 281
5628 6368
1870 5106
282 2277
292 5475
6047 680
4891 3765
5938 1529
4940 2483
1508 2271
6396 3767
4287 2415
4678 938
5379 5176
1375 7145
3690 45
2483 3892
6118 2176
212 3959
5459 7349
5990 5440
4555 3879
3164 3677
2038 6009
3626 4821
209 6231
1476 3849
2421 4534
135 524
1851 3355
2552 241
1771 7272
6966 6772
2565 2472
1605 6945
4617 5235
2906 6481
2873 4880
6084 7121
138 190
2167 337
4606 7643
614 4743
5305 1071
2095 3697
4106 5234
5063 4086
1957 4813
976 1186
1945 7314
1667 5258
7092 1416
5154 6715
6428 3761
620 7240
2962 167
6747 1208
3039 3753
7417 1948
2128 4099
6904 3179
2619 4441
2913 954
4342 966
1744 7297
4807 3431
3542 3161
7015 5655
2566 516
866 6931
7654 6128
1042 6516
5395 4053
3944 4156
4633 999
6455 4729
3578 141
509 3562
6533 1417
151 4478
890 7302
6667 3290
4174 3302
578 7676
2025 3878
3485 6887
2053 3145
7537 99
5272 1145
5443 1831
1417 1497
5409 885
1750 1506
4278 3149
757 7371
4133 6889
3917 7585
1854 619
6936 7282
7412 7026
7533 2221
7123 3121
2675 7002
3266 2338
1336 2734
6442 5302
4943 5723
2773 4067
899 7202
1538 1018
6094 2112
1560 5898
6476 3039
2141 6601
4902 825
1934 5348
916 5375
6495 1538
5764 7566
4273 3310
7663 749
1602 5511
4397 4135
7652 1866
2653 5239
4053 7287
5920 2732
6179 2334
7483 2207
2799 3614
507 3342
852 22
5344 4231
1103 4311
5021 6651
4836 436
5918 5752
2307 7440
2894 5134
2902 916
2286 6664
1719 6471
6889 6545
1155 4868
4958 5693
5641 7594
6165 3508
3070 3257
6815 7364
7680 4360
801 4623
1935 5633
947 6963
752 1974
252 1744
1995 3763
1751 2681
4395 3586
7046 5889
2795 1898
4722 7268
1991 6797
5313 6048
7033 1865
5060 2473
4704 6426
5224 5519
4599 6828
4500 7079
636 4839
355 3911
1205 1609
6005 2362
326 3741
1170 4326
6751 5231
3183 6187
1412 3726
7377 6034
3495 4634
2555 143
5452 5262
40 5381
5290 4332
4969 2560
5827 6936
6989 7483
2848 2409
5190 820
3768 1715
7503 3151
4367 5271
1880 4497
7293 5297
6627 5035
3061 6856
2600 1992
3408 3366
2374 7144
2304 5411
7129 5550
3397 4379
2528 5482
1415 3754
4649 7013
6716 1022
5639 7029
3778 2108
2603 2234
94 613
6967 3123
2938 7635
1882 3127
7350 6333
4490 2238
2733 6835
4918 3740
3387 7156
5006 12
5282 6072
7421 1488
84 3786
7500 7369
6622 2276
6352 3870
73 7067
3129 5156
2521 5795
719 3650
4293 1046
7152 1441
2210 6650
3077 3134
5255 6027
3941 6981
963 1629
2199 2383
196 4728
259 544
4439 2151
1138 7556
3841 365
3449 6008
6045 2809
4574 6146
7140 3417
4803 525
3393 5065
4471 3996
2635 1571
6944 6597
324 3671
2410 367
7506 2600
4584 1261
291 2992
2809 4575
1481 5976
6761 2041
6438 6718
1035 7569
3877 7564
7485 3440
1630 6951
4772 1204
6158 6054
6348 900
7603 7678
5790 609
5469 3756
6829 1985
894 7459
257 4034
504 567
2031 2057
2782 1158
150 621
1297 2889
1910 5317
5367 2335
5570 4356
5884 1752
5050 5224
7138 1037
273 5947
2121 4235
2587 3038
3095 287
612 4851
6869 4629
3722 4710
3810 713
7240 5973
7520 4893
2004 3389
4156 5318
1057 6761
6479 2345
1539 4836
2804 4655
1012 2201
318 4555
6421 1602
6799 1841
4513 633
4032 3745
3170 6196
490 27
4905 1202
167 5094
2293 4336
4602 7408
7106 79
6685 7482
3450 4544
55 3468
2465 3006
7451 5391
901 3734
575 5685
432 1777
3728 3334
1544 6742
5957 3854
2405 5625
4838 4939
4711 2256
5122 3037
6266 560
6650 5571
6472 7135
478 2326
4079 6335
6164 4317
6306 5500
3330 6016
3669 5589
454 4089
3285 6214
4225 2947
1053 4965
6081 7225
1157 5981
7319 4458
58 6529
6931 6225
2327 5497
117 118
1451 3714
1063 802
1615 7544
3795 4329
7607 2533
3279 3138
6897 229
1116 5098
4069 4758
1223 5079
477 2819
2018 1868
2306 1429
6932 775
4741 2902
3566 3147
6679 632
3248 6845
4998 154
6231 2781
7379 3573
2369 1364
6241 1771
6947 1769
5227 4384
3163 3096
156 6874
1713 68
4608 3314
153 3979
7554 75
5788 2036
3191 3414
4402 7269
2609 2051
1861 4475
1899 5731
1536 3388
6964 2118
2505 4
1245 2117
2631 71
7321 4944
5320 905
935 1844
6998 5984
2687 136
7578 3933
5228 191
6536 1371
6248 806
6211 7192
6026 106
4111 3472
7667 2729
6599 7290
6188 5650
808 3537
6450 1436
4819 2440
2915 4260
858 3378
3636 7456
3368 2363
4257 4950
6752 5010
4155 5694
912 5595
2901 976
7434 7195
5728 5268
187 2946
1369 2347
6478 2924
1923 3188
1472 4745
6542 3907
1618 957
3426 4428
837 6197
4935 4283
1084 3772
7311 5423
6674 5590
4538 4952
7440 6941
7261 3916
6636 6258
6794 3931
7582 4624
1051 7022
5797 1273
4847 5801
1728 6827
5603 4799
269 4149
285 4474
4009 193
2971 2135
3935 6215
7149 3838
202 6878
5876 7603
3691 584
7266 7628
7017 686
3138 4324
6364 5660
5347 5181
3107 2567
4 1454
6104 6025
842 1864
1589 7693
3843 5848
1090 2617
6681 5965
4889 3715
4338 7622
6236 963
6303 385
2432 4616
729 312
5888 403
5630 4904
401 6988
6597 3691
4328 3405
5807 83
7450 4007
3140 7338
3065 1678
5173 774
725 5167
6403 2065
6337 644
18 923
5572 1333
1123 4675
6968 1918
327 2674
4536 2740
3840 6294
7587 6649
5696 6393
623 702
1283 387
1008 4998
2730 1050
6891 6938
3909 3210
3147 1496
1070 6883
5586 5922
1121 2318
7135 731
7113 7334
4797 196
6252 5871
4323 3678
54 534
7550 2989
949 5277
756 4723
2524 6475
4474 3820
1579 4803
5219 1290
6834 5031
6142 140
4926 5382
1166 3449
3708 764
3609 6611
1763 2474
1371 4205
538 3042
2535 3339
1038 4835
1794 3061
3247 7168
7030 5608
5164 3658
215 3076
2204 6103
2258 6547
1465 6923
6935 5084
800 242
980 3694
5935 4924
164 3612
6294 4945
5961 429
7482 5772
4981 6605
1359 1883
1131 3874
5218 3212
1897 5931
7096 6697
2132 3540
6692 5207
5451 4599
5786 4894
468 1905
850 7043
3928 861
6434 1509
4865 2060
3477 1556
4435 946
582 6869
5062 4589
1534 4628
3966 6599
7212 1617
6092 7611
629 4683
1434 2515
1420 4967
4788 5706
7334 579
1230 792
4627 2537
6086 1908
201 4138
4195 1237
5809 7501
5052 3988
7309 5458
4259 6398
6229 4885
2637 4297
7308 1036
473 2368
4025 5469
5703 4693
2346 2059
2011 3871
4341 2807
2586 2019
6903 2707
48 65
4623 5352
6169 1819
400 1753
2000 3793
6864 7201
7260 245
6126 5000
3468 2904
1696 4972
7369 5704
162 3830
2778 6410
2249 2704
6782 5015
3401 6306
13 6497
1822 2384
4171 4106
4194 4504
1612 1510
3643 4456
3030 3501
2899 719
1094 2801
3697 4059
2950 4092
6480 2218
5507 7108
5172 305
1080 571
2760 6234
4685 5884
421 6655
7008 1916
5557 3203
1396 5515
1391 3553
775 2001
3557 5193
3092 3727
1515 6734
2924 1765
2063 5635
4629 6900
2503 4261
4365 1065
2431 5989
968 2325
4610 6743
2787 7445
1196 883
3431 514
3693 2758
6044 7280
3520 5494
1450 921
1616 5012
1929 6202
3599 2393
4371 420
564 2260
4276 6424
2826 6773
6145 557
702 881
5129 491
402 2893
190 5629
5132 1292
7457 1155
1483 1934
1236 777
6347 1379
1841 6458
5585 4121
5984 7046
6538 3122
5217 3565
2540 6998
6994 2138
4725 1448
5432 2144
4477 5293
4386 2873
4659 6654
3130 7654
2921 3373
7361 4265
807 3402
5558 4465
3583 716
1447 1959
1707 1218
5205 211
1143 6829
278 236
4540 373
1364 6292
4781 7406
6426 1171
5886 604
3149 4126
3420 6660
4850 6180
5127 2437
1650 5890
6581 7104
2029 4153
4169 526
97 5770
7196 672
5556 3199
6444 5455
5143 7571
553 5834
1671 3384
20 2764
1462 811
7474 6508
2085 4845
588 6178
4040 1421
2599 6125
7025 5701
330 6629
7627 7663
7048 3657
7074 3461
2463 3285
1834 1616
827 1828
5863 5858
529 5933
6975 5289
603 2098
5902 6404
139 5274
571 2143
5549 7503
6389 1154
6585 4905
1632 2026
6663 6377
7634 3295
6577 3192
6539 6163
2355 7256
3777 5621
6296 2006
6773 6909
423 5537
4467 588
3469 739
3264 2172
5716 3647
7091 4467
6525 6893
3115 5773
3568 279
1885 6295
7268 2714
2633 1668
6210 991
3358 7174
4590 4042
3762 6575
1988 914
3585 7266
2033 6673
7542 3231
7119 5893
697 4741
2224 105
5206 1048
1102 2116
3865 6606
721 2137
2592 1993
7688 2784
1017 2007
3344 7126
6793 149
3377 7003
2428 1321
7085 58
4355 3421
4927 2257
2297 6280
2341 1360
4729 5541
7338 3319
7327 3904
847 625
1234 7461
639 94
249 4938
2379 7017
6898 1783
5838 6255
1526 552
4058 2298
1213 176
7156 6431
1209 7058
3651 3831
555 5328
4493 5620
2476 6086
5389 5025
5447 6138
886 6047
5211 6764
6619 2481
986 1187
960 5508
6399 282
1846 258
6224 3180
464 780
7005 3278
3141 5433
4244 7235
2885 648
7673 6172
5405 2043
5754 232
79 5542
7649 6594
5739 5321
4562 4749
5695 708
3328 495
6849 3534
4167 1587
1584 5501
1292 7642
5609 125
4004 4355
3320 929
2425 6537
2165 4038
2591 650
7697 5204
3913 6464
4573 1850
38 4661
6471 4929
1542 1102
3950 4659
5887 6177
1467 3595
2884 4413
3466 4253
675 3480
7352 5617
663 3782
1201 729
6511 5562
1522 3956
1241 1440
5965 2444
2538 428
5854 300
6308 611
399 5872
4068 5358
6023 4229
2125 7640
6611 2785
6412 471
3351 1152
6463 1631
560 4625
170 5369
3580 5491
4206 5586
7611 2731
6500 5312
3746 6678
52 1698
3943 1665
2668 6956
6969 3165
290 7416
2582 4542
1435 703
6981 5939
5532 3502
5436 618
4436 1466
4594 383
5933 2459
5341 1622
5956 3229
1576 6969
4193 4143
5749 5566
2541 2030
4274 7515
1598 5804
641 1288
6186 4493
3976 2579
3262 3510
2772 1361
4839 7415
1045 6438
5726 3018
1107 7699
375 3955
1737 4815
1776 1105
6553 2196
5287 870
496 4679
3821 7167
4481 4907
6356 5486
4236 1766
4092 4976
3860 751
5300 7332
6384 2848
2693 2790
3303 1099
3049 1714
4593 5716
3610 7092
7089 3593
2151 2321
3598 2566
5619 1545
3625 978
1740 4070
5704 439
4085 7148
5401 2645
4108 3967
2386 5222
289 3027
7623 5118
3927 4541
1656 5124
5430 335
3429 5632
7275 1369
214 2631
4363 3716
5524 4636
5124 5477
3345 468
4061 2193
3781 7147
1969 620
2340 3682
6925 7554
4385 3859
6958 6106
722 2281
4372 2392
7079 1761
928 6722
4427 817
7413 1002
6009 487
4690 4354
1722 1941
2112 3812
1644 4805
2439 3078
2100 2075
3342 4513
939 1270
4151 1080
887 790
472 2358
4006 7113
4270 1274
2409 4761
5464 7253
6670 5583
7459 1515
7670 39
3217 4507
621 4314
2485 2938
7114 5005
6992 5520
2319 5630
3032 6477
3586 5349
4432 4248
4760 4454
765 813
305 7216
3116 4429
2099 6275
1755 5611
2185 1052
3718 470
6492 6648
2608 1721
3146 6965
4221 6662
5480 6112
5081 1142
2958 6299
5391 7428
5686 547
6571 1826
3200 4560
682 1418
3717 2504
3355 5521
1160 7615
1142 1829
1353 2086
4887 5539
6180 608
1032 6701
7304 2433
364 7534
5311 7196
6022 7133
4534 5715
3532 4508
6795 7255
7185 5909
3283 4663
2956 6288
2413 394
1286 2150
5025 4778
6615 4695
5098 5099
4613 1779
3844 7400
4125 4077
7340 7481
3958 6510
439 7411
5348 1435
6387 1464
1024 5332
4829 6974
3269 2305
5567 1541
272 2914
3602 5819
494 5022
5831 2357
2580 54
6625 1708
4399 6118
3945 4847
7371 2198
1554 6052
1226 678
977 2906
7243 6159
1514 898
6439 3248
4200 2894
1306 4853
2179 778
3220 2228
5682 4407
1318 2521
3933 853
540 7323
4099 597
65 6770
4390 6901
1582 264
1844 4065
4449 3182
732 2750
6551 634
5859 7424
2501 2865
6977 4022
5981 7087
3025 2403
6822 7617
6487 1299
3571 6273
5522 1563
3876 6463
7439 4462
1464 4262
7505 4100
2371 307
4096 4714
4992 3253
4412 5784
1404 5653
4396 2684
4903 1188
1954 2907
1072 6168
120 6578
3179 4427
5550 1630
3131 6982
6901 5754
3894 4902
7469 6155
6110 2478
6334 6266
2968 2539
7322 5841
4374 697
6258 3615
7170 7655
3605 3264
6830 5468
2993 6595
5758 5783
5928 930
4054 2327
7446 4698
3809 2931
3002 5994
3709 918
5368 5713
4189 4094
6261 7531
5741 2671
6590 6863
342 5162
4045 2887
751 815
3009 4784
4876 1060
6710 1221
1132 3504
1833 1581
668 5089
3471 6198
3385 208
3906 1053
3638 7309
4473 4418
61 3380
6768 3407
7253 1639
7066 7116
5855 5767
4746 5995
2573 7536
3430 3709
802 884
532 1704
2285 3279
3035 1159
1868 5227
2932 3363
2057 5606
3145 3162
4695 2126
3308 5229
298 6966
7218 4573
7442 3932
6807 1988
5153 2039
3114 4357
2557 6832
1666 1950
559 467
7513 3837
1332 6527
2368 4990
3360 7688
7568 4737
1397 6570
676 6316
6593 2837
6993 2508
7238 4971
3483 6094
6284 2168
5373 2132
6574 6365
1778 6525
6562 2725
6514 3376
5198 6349
5565 3016
2821 5797
5490 3762
2526 2862
1250 4973
4235 6174
6138 5287
860 7066
2357 4285
6974 3358
2104 6796
1499 2690
7414 2730
4441 7537
7648 474
3066 891
3554 5428
186 1933
293 2835
248 1425
5037 771
32 7203
3852 4841
7151 6749
4483 4641
4812 1543
1263 5
7168 902
6887 5133
2865 7211
1877 4706
7567 5340
4219 7442
6318 252
6366 6689
2395 2003
6959 1874
3390 1840
3639 2163
6661 21
7057 6243
1941 5282
7297 7344
5792 2076
2780 1401
5674 5072
7286 6153
1172 6248
6280 6074
1577 7224
4074 6853
3703 7518
7664 6511
1761 3679
3763 2046
4170 4552
5974 2710
2291 6736
5970 1165
6736 4591
3648 2349
2866 2695
7021 4417
7538 6029
3015 3116
2992 1054
4793 1376
2489 6067
2422 246
3243 3420
565 5609
5425 738
4544 6331
2702 6584
4542 1540
967 6513
125 179
3518 6127
4247 5757
670 7139
749 1870
1845 5059
3675 1682
1408 3604
6657 16
3018 5436
4345 2977
2225 7602
7614 6837
3992 1318
3504 5780
2023 7660
4175 1794
3003 3142
6879 7696
6465 2482
5634 3022
6642 2323
2644 2709
4512 5233
5940 2646
5302 5935
4382 244
3864 213
2509 2033
3503 2122
608 1955
7455 2542
870 6064
3427 2522
1441 3923
7191 3985
2737 4572
2298 6710
2662 2209
2076 6442
3963 3526
82 7015
5038 3013
6157 6448
4778 6430
2429 1565
2272 3194
3924 6551
760 5333
2001 1206
3349 1137
1004 6908
7531 7118
7543 3730
5201 2359
6668 3372
3090 7485
1097 3243
4810 4223
4148 7527
4950 3436
4197 3340
7494 3880
586 3775
43 164
5531 5402
3916 689
3513 1354
5458 2020
882 1669
1324 7433
7535 251
3501 3462
838 2585
5362 4241
7200 2081
7050 5634
3848 5149
7233 3163
7370 2507
6251 4191
2139 2093
2209 3117
2287 7421
2466 4018
3954 6185
176 6531
4078 2242
7555 5466
3818 3479
1231 6409
6498 1977
5701 6099
4349 6271
4489 7316
6823 5272
3255 2571
6493 5429
323 5602
3374 3666
2266 3438
7519 7595
5225 3800
5234 7662
6629 4414
2035 4870
7228 3136
7069 5970
6723 2841
6817 1005
4849 4592
41 7508
1348 2596
5615 4687
6473 6806
174 2087
6778 6272
5382 1150
1593 6588
938 522
6839 169
6127 4425
3278 3280
5768 5023
4456 4817
2999 6116
3589 2888
1749 924
6379 1161
3135 1601
3646 804
4260 273
7527 6707
1895 2755
2398 1120
1041 6920
678 3411
7360 4985
2182 6389
572 4284
7194 1068
21 2525
5088 4064
6432 7399
210 5905
5386 3483
166 6635
2302 543
1452 7496
3311 5516
1902 1843
5776 2428
1716 3687
6288 3322
5791 3262
3515 2246
6059 1431
7508 2930
26 3522
7595 2548
2267 5493
653 2716
2800 2229
6060 6791
1862 7106
1295 6031
2366 4330
255 7365
455 831
6468 3864
7635 3805
5775 6717
2842 3597
5343 1234
1259 4949
7188 748
7478 2447
3013 2251
1842 1326
6078 4518
1555 5465
3063 1118
969 2882
4648 1657
253 5689
4318 864
2695 6970
3246 2125
6137 6906
4908 5146
2014 6795
430 6745
1474 6075
5553 4970
5064 1789
4413 6804
2563 4565
405 6092
2998 6683
6632 4187
7376 7596
5310 7634
6835 5791
2863 5471
2354 6435
2835 6672
2385 4088
1587 7559
703 257
1303 1524
1944 7618
1073 4490
6776 3602
535 4528
7481 5823
1920 6755
1193 7082
2162 7528
7445 2370
6407 1319
5592 8
6496 7651
869 1975
3888 2420
5599 6927
6343 7487
4394 7010
7337 5046
5041 6666
6894 2613
3213 1042
3294 2340
1699 6160
6002 5661
6953 7383
5621 2715
4172 1398
2548 5558
5528 6556
4299 6305
941 6519
5268 743
6066 4664
6601 4101
5375 5835
4409 3978
5999 699
100 5544
3057 5509
845 5565
6606 3690
6540 4777
1034 5032
5022 2235
4277 4158
2131 4732
3113 5122
5148 1076
1507 6320
4652 5964
5109 5647
274 5168
2762 5824
5188 2258
2656 3799
6960 6916
4709 1399
6312 4416
3644 1277
7063 354
1066 4824
2164 6322
2193 6264
545 4214
3274 5776
2872 7300
5895 7049
4504 1365
7486 3026
3721 2378
2212 1408
997 7575
4662 4861
6596 6590
6015 1344
1823 3527
1556 1134
3632 296
7348 4039
2857 1810
4758 4110
7675 6904
750 5708
1898 6182
1698 3455
6227 315
7094 3634
1149 2024
5943 6087
3314 7347
1984 5105
1270 2541
5488 4674
1287 6311
528 6937
994 4808
2671 3563
2997 1812
5734 5779
6678 5697
3519 2698
1743 3962
5440 4075
2830 7038
6978 4525
6208 6310
4088 1368
3078 2139
4759 5781
1859 7511
4988 3048
569 38
4921 1409
6851 1605
2861 7186
4826 1494
437 1701
1788 5790
275 2097
4985 6612
6064 2460
2714 2794
6833 3137
3482 531
6271 2988
6697 5997
7346 5977
3774 1982
6107 7182
4987 5569
3021 2805
3402 2145
6764 6640
4376 6150
6342 786
1479 4574
2404 6954
5269 1577
5404 2094
322 5392
3623 5470
4528 1610
6503 5740
561 4091
6115 2253
1837 1451
3276 7448
798 6741
1760 7690
2831 7130
4743 2669
3707 3344
6748 2133
5969 226
1856 7275
5715 6036
4361 6021
5174 1712
3997 1667
5832 2554
6096 2576
2864 7366
1523 26
2227 6686
815 4246
3663 4750
5477 4402
2622 3143
36 5376
3157 4208
6293 311
1262 1227
618 2625
2793 6822
4964 4867
347 4609
7425 5290
2454 1786
1321 7267
4063 6110
3011 4859
7313 5136
7491 667
6984 3659
2678 1179
5994 3925
7299 5166
2682 4122
6329 4686
1936 2045
1985 6585
2764 2329
925 5564
5636 228
6270 1075
1177 1346
168 1103
684 117
4934 2328
4932 5069
7302 2372
1393 5062
6543 5736
659 5173
7367 7180
7013 3408
2468 7418
7401 1298
2021 3197
6417 4767
665 2285
3354 1532
3184 1920
2172 3357
7396 2266
1503 1262
1785 6270
7458 4995
5195 1024
1606 2264
7658 1059
4530 5859
7644 5533
5672 1342
1365 6391
3272 1747
6893 1737
3244 6615
2032 6213
3457 878
3641 2922
1302 4288
2726 4244
4000 720
4517 741
889 57
4228 1341
5160 4403
6971 2290
3896 3054
3592 4445
4549 5969
1810 4295
1961 5026
2820 5045
763 3110
6878 7358
3971 3011
3699 6914
811 6216
39 2077
6781 1149
554 4927
3815 2037
5964 1690
5090 3090
7384 6035
4486 3507
7488 4154
4173 4676
3324 1508
544 3958
7064 431
1473 6122
2803 3630
6664 5351
1422 1655
2437 4991
7172 36
1658 2249
7523 5915
2532 4301
4639 418
2282 4041
1684 2222
6451 7623
2815 5892
2781 3708
2758 111
4890 2509
2289 317
7389 3041
1679 7548
4103 6765
1513 397
4049 628
6113 2527
3363 3428
5011 4901
610 2431
4977 4621
3850 1672
7109 6427
5571 4770
3139 6015
1797 5936
2241 2997
3293 6555
5724 321
7432 3901
6346 1281
3883 3585
5995 5577
5996 7308
1963 932
4708 7214
1543 4219
4319 2937
1122 2776
2734 7084
5435 3333
6759 5895
4557 7249
6354 1688
735 6687
3076 3833
5191 2944
3926 5774
5241 4471
1233 6538
3593 5607
1124 4275
9 5353
3209 1507
6658 2288
5771 7050
6112 4650
2825 1049
6693 6814
5003 2170
7418 1802
5542 6462
6880 4748
462 6567
2081 2484
1906 5788
4955 4199
152 4875
3388 2727
4668 4766
1011 6682
4488 4024
5029 6762
6166 4395
2790 4098
3615 973
7556 1784
5799 3238
3830 6929
5843 3536
3541 1542
3406 3493
3873 4752
5270 1407
7605 4366
6853 1209
344 5308
4899 1442
1061 626
7023 4724
5216 5030
2828 5432
2517 4058
3221 3249
2171 1996
5023 4999
3577 4426
2255 2308
4671 2793
3362 1963
1691 7281
6548 1932
3799 6446
6884 5479
5710 5695
645 4908
2154 925
300 4919
1202 2055
6223 2836
2686 2777
6080 7317
1798 5158
3673 5141
195 3004
4895 3947
4340 2668
1194 4448
6949 2899
1217 5009
5578 7204
5525 2760
4823 7045
7040 3046
6983 2976
6565 3935
1922 1956
7029 2435
5267 3964
1908 2074
5948 2230
3765 573
1470 3575
533 5461
6007 6505
6326 1907
4407 4457
7323 332
3534 3102
45 1642
1025 3108
1631 5833
4285 3491
6429 545
4141 1160
1054 617
3464 2414
6067 4114
1640 4453
4771 4485
384 162
6721 7027
1562 518
6309 6281
7259 4900
669 499
1401 5060
5518 3822
6339 2219
5871 6418
4465 875
3955 759
7225 7670
7399 6210
5723 5007
6651 4656
7265 3791
3241 7486
6743 4140
3859 7030
3516 6848
4014 1972
2376 4057
2610 7492
5326 3301
854 1846
4223 5793
5958 4665
6655 7023
4674 6017
1875 2869
2295 3383
3617 3893
206 2971
7024 5238
6652 4511
4461 7397
1487 595
110 3352
6909 2791
5107 1889
1820 2111
2065 7089
3020 2754
2400 6476
3581 512
7626 3364
937 1345
6825 7444
6735 3861
1211 5039
513 214
4469 3936
6380 2592
412 3088
5083 2317
5834 43
6970 1537
2641 1710
4038 3056
2113 4886
3233 4923
6161 3237
7657 7436
1115 4411
4084 4648
5972 5417
6225 3467
985 6353
677 2085
5131 2811
4585 502
5032 5958
7162 64
4272 1656
5505 5983
2697 3928
2217 366
24 1477
5462 479
5388 7154
5431 1325
2648 5631
3136 5978
5526 4133
5954 4048
5044 7467
7608 855
4107 945
877 1623
4265 3129
3227 276
1748 1717
5905 4700
4115 219
4178 7233
5042 5416
2553 6694
2455 1225
2935 5798
3259 7209
6724 2280
1468 5604
1697 3225
4222 959
2853 5425
5530 5244
2527 7128
3205 4989
1812 3558
2562 2912
3893 4532
7343 120
2768 1452
4789 1825
3332 5574
3399 7468
6733 7583
7160 5738
6095 2720
5737 200
1824 1707
1997 698
2936 2981
154 1038
5158 7111
638 6627
7231 683
6850 4066
1156 4856
5562 758
5351 5011
7019 7359
1129 6775
3204 7041
2946 2993
1385 6858
4146 4120
5919 6162
3322 2042
3383 2909
1426 4108
5640 736
4843 1349
173 497
642 4167
6277 2574
2983 2589
4755 4440
5319 1085
3008 7286
667 2377
4779 2088
1512 4321
1733 649
5539 1374
1635 7453
2708 4172
5380 5786
2043 4647
7598 6864
124 6760
7463 1335
1267 5103
3828 889
2713 2395
294 5878
6001 6076
95 6995
1953 3312
789 3915
5606 2373
1171 4494
7222 1393
4254 1914
1448 6176
5898 1403
5208 6695
6068 690
1409 6637
5580 357
3165 406
5677 6676
888 2780
6042 4911
6612 2499
4158 6352
2654 5792
595 5765
2074 7074
4314 1937
6037 5155
4046 4956
2329 532
1869 1848
3695 4754
6090 7652
2959 3584
1176 5037
349 5853
5643 6813
4607 3457
1110 5194
6842 6450
5629 5726
3640 7546
1030 6877
6854 1947
4745 4290
5986 6610
7589 1315
2482 4577
218 1174
356 3032
5036 4915
2475 674
3561 490
4191 5474
7250 5794
3995 6373
6908 4869
1039 1758
5951 6169
4609 6669
2345 709
5616 6501
2890 1131
4999 4028
4853 4277
7287 6443
5177 2191
4317 6061
481 5832
708 2814
897 3214
2105 798
1346 3729
1419 783
3455 7228
1278 603
3001 4236
1388 3251
1220 411
2396 5202
2447 3323
982 6337
5314 2804
1765 268
3978 3105
5186 1039
5420 2798
2852 4489
7180 3398
4535 6866
6323 7535
107 6413
5962 3951
5713 4050
1410 2616
6552 1634
7178 3974
4408 3125
6592 3970
1199 4801
4611 6871
448 819
1134 4461
5911 4735
785 1087
4153 5055
950 2294
1907 3664
6509 2169
1414 1495
4545 1726
6416 2672
6720 2374
2408 4148
3720 1640
3613 5729
3456 233
1330 1446
1694 6986
2756 3394
438 7024
4204 146
2049 2485
1926 5066
5243 2270
4666 3665
4728 5775
5146 4250
624 2917
7498 6342
6986 465
2070 7276
718 800
1300 4338
250 3646
861 4790
4930 1465
1990 1686
6014 1693
4023 4488
7285 5691
3803 1487
3726 7368
2664 285
7395 953
1290 6891
2621 5457
2177 7355
2418 6412
1530 4305
2022 2272
3415 2627
6462 6564
7242 1422
6190 1749
5989 615
7158 6328
3416 4794
1964 4561
2918 2642
5169 4605
4071 177
1717 2311
2206 6467
6273 4294
4114 5546
7305 5950
7000 5771
3336 6126
7691 4189
7052 4142
3185 850
4248 630
3088 1805
3731 1426
5275 1942
3299 3605
2834 2320
6777 180
4560 7248
7288 2113
1309 965
4628 3790
5806 6913
918 243
3142 6560
1662 5652
5787 2705
840 6499
7525 67
1258 6997
5009 1999
607 5265
7358 5042
6289 5502
1647 4281
5212 5412
5428 1875
6454 842
2877 3459
5904 6
5053 5199
5798 5866
778 2304
7070 5597
1367 1343
3465 2854
2343 2575
2134 2673
3744 4825
3300 627
5496 1007
7470 6460
1108 1926
7173 7398
4679 4240
2493 2628
5294 6979
4180 314
1044 4078
4030 4521
787 5703
7264 5472
592 6077
1827 3240
1664 492
5220 3758
6972 3918
906 510
566 6107
2367 363
339 5868
4451 3776
4055 6623
4809 2573
3284 6297
5697 1216
6301 1016
5170 2677
6276 3335
6052 427
7189 472
3974 7146
1413 5128
2819 1621
6375 4712
3398 2965
3899 7197
5072 1181
2218 6873
1996 4302
3370 1176
2886 2489
5137 3271
3315 5495
2360 1143
4150 6604
5575 6642
1580 894
6945 3950
1055 1842
6730 4392
2604 7520
1807 3418
5461 1201
2314 234
6862 5818
7084 508
119 5707
1732 2213
6359 4779
781 2056
3119 1525
666 2195
7142 4692
6628 2691
1629 6744
6973 4415
3671 426
6914 972
1838 515
1168 7
397 5867
4098 6789
1095 2598
334 4703
4561 4293
720 4793
2338 994
1430 5986
3120 6949
4700 5920
4832 1946
1438 2787
5491 3660
6033 4955
25 1006
299 3097
198 7328
6508 1473
2727 3406
4496 941
3186 2582
7183 1997
4100 2644
6149 5531
6281 5445
3962 7304
410 5585
3701 4934
76 4286
2234 5241
1725 2240
3692 6520
923 7687
2537 7558
5648 2360
492 5145
4764 7519
2862 974
1239 4562
3565 5073
3854 1709
604 1377
2683 5418
3984 3252
5699 6105
147 3015
2152 6550
2247 7117
1795 4920
2486 2524
3028 5844
3656 3774
4024 7200
953 7095
7511 4606
2159 7605
1466 6546
5369 7339
7586 3544
1344 2245
3480 654
4840 1474
2839 4435
2294 1300
7186 5112
6361 4093
4753 7493
884 5338
2824 1312
193 931
524 5615
2898 5578
7566 2250
2412 5426
1151 5295
3 4339
102 4031
1125 5813
3932 4503
6888 7692
1218 5683
6828 1392
5885 7321
1758 5496
3608 5719
5929 6983
6150 3977
4297 2968
3573 156
4065 6173
7541 5171
2775 3807
1809 5826
1075 1626
6256 6156
898 4957
5568 3992
5355 4644
163 5517
3670 4604
1800 66
2822 1888
903 961
7032 5963
1621 7402
4080 5880
4719 1280
1828 7069
4271 104
7487 4854
1626 4484
6524 341
3150 6221
805 6521
238 5481
5308 1269
1592 1428
7245 2903
4881 6207
1407 7573
2481 1991
5161 984
3767 6968
2186 3215
5817 7658
3749 379
748 660
3967 7561
1304 6562
5324 7310
4398 3572
489 5855
5086 2806
701 1040
7059 4495
4984 1856
1793 5091
6676 1516
1492 1897
7273 537
1493 1801
4292 6484
605 5438
5246 3896
6055 7498
1329 6026
4184 1936
2752 7260
3798 5462
998 3922
7277 7341
3319 5189
3208 6241
1867 4006
3914 2563
633 4387
2116 5464
2279 7386
7666 6825
1801 2313
232 1660
6278 679
3988 6598
5104 2853
6237 4538
709 5923
6728 2398
2097 4740
7622 3062
1325 4887
7204 5236
6905 3841
6537 2587
7600 2966
1853 6151
2120 6028
7476 2295
4433 908
3551 5017
4701 7695
2869 1127
5915 358
3068 6278
4774 6304
5782 3433
818 7606
3044 6336
407 2457
5923 408
5913 5008
6582 3823
983 2123
2525 2106
1184 7494
4948 2812
6669 5812
7551 344
3052 6057
7427 903
6608 675
2388 637
5502 452
7038 2417
7153 5075
1255 5198
934 4864
4280 504
1972 4234
1031 4003
2474 4782
6899 5400
2634 7630
4437 7153
6639 6447
5482 4980
6103 3541
1624 4582
5450 1877
1791 7035
2550 4178
3597 1352
1049 390
4869 2343
5718 4442
4313 7504
2981 1612
4580 4020
6087 3984
5073 3642
6691 7526
1762 1214
6128 7319
1889 2156
4761 5407
5740 2422
5811 3744
4556 7645
2743 3506
2149 4090
6345 6399
4008 6571
6443 4545
6218 1482
5515 3153
2751 821
498 5467
3348 7242
5894 5551
2094 6269
2265 2783
4583 553
1378 1772
358 2322
5908 6383
3769 7055
2784 4981
2710 5076
5301 5748
7078 2423
742 3177
2518 1882
2351 2978
5376 6993
503 2932
4201 2381
3655 46
714 7476
5828 5044
5670 3654
6392 6108
6595 7417
4289 5658
1608 7337
3760 5019
2711 2069
4515 4567
3207 7509
5966 6886
5512 6247
2321 3989
2543 7217
4226 496
5414 2699
6140 1486
5610 7647
6924 3246
3952 4512
367 5763
7102 5836
1237 767
1148 2216
3249 3695
2444 6614
2774 5582
5731 6184
4824 2333
1335 5314
5891 4643
130 841
7546 6826
1860 1263
1111 6844
6818 997
6549 3746
418 3160
5384 558
6222 7315
4733 5822
2157 745
2766 753
1345 3167
2311 4353
268 647
3400 6548
6922 7664
6350 3093
6796 221
2948 707
3770 2278
7136 5908
6857 1785
5307 2694
4251 2703
4320 7419
3109 880
2052 2604
6253 7333
2801 4705
6713 6400
6295 6841
2219 327
2471 985
5454 1673
4773 413
2688 6019
204 5937
2093 5930
4630 451
2939 846
2976 6364
796 1372
2851 5735
6915 3132
2893 3346
5721 6812
461 5560
86 7101
2198 5535
6265 7205
1442 1413
46 5514
5882 6007
5666 6379
4567 5796
536 5364
7077 1357
451 2531
5861 2866
3787 4892
6148 2633
5601 1713
2545 2990
3093 5949
6143 4547
4205 4974
3920 3789
4239 2517
3776 262
6235 559
2283 4342
822 6466
103 6204
3862 2404
2536 7206
6035 3303
6760 858
3340 4412
1144 6382
1752 7574
2284 1894
5657 6253
4291 2011
4216 6000
1706 7237
304 3583
7163 5710
3339 1614
1208 877
1432 1324
3991 3538
5705 6930
2231 6739
3672 4405
6071 44
6999 7439
6896 1822
846 3173
3497 528
1905 6898
297 7327
1805 5975
1145 4352
783 6952
4605 7080
1617 263
2534 6964
7645 2027
2964 7199
51 5643
5581 4810
4591 2493
1578 5384
1395 6681
4166 2425
4444 4087
4765 6186
1652 1944
4653 7183
3407 5441
3118 906
3579 1061
4780 3643
4383 3963
6203 1833
3108 2609
4350 3321
5661 2448
2061 1960
3780 7352
1390 4690
4455 4334
7676 7114
5773 6620
3228 4883
2542 5996
6156 6334
1459 4588
2569 5354
5013 2719
5399 1902
4894 3400
2598 4444
879 5478
2786 1284
7643 638
1113 2330
207 5953
2630 7246
2922 3653
3158 7474
7548 6776
6985 897
6391 4287
3051 1847
3982 6661
5784 4571
6979 1323
6644 3886
3808 203
4116 5842
3409 4932
1183 3275
1331 5815
7058 5431
129 34
6470 623
2753 2430
495 6022
1804 2454
6021 794
5950 5700
4104 3304
98 6759
4541 4597
3869 6307
3621 1168
78 6284
1831 3260
49 6907
2931 4680
2046 3681
199 4642
6197 1163
3698 5395
1088 4620
4416 7516
7679 3895
7011 6361
1967 3336
3177 3529
3743 4129
57 1264
5360 7075
310 6319
194 5637
1319 6714
6048 1285
5441 7254
5761 1904
122 4738
4677 2355
3786 2581
4093 6608
2448 1203
6457 2942
497 3419
6082 4221
2870 4954
7202 2561
2910 6419
3478 4084
59 1795
3521 1989
4507 1792
3168 6485
2850 7562
411 6747
5665 7036
4060 4785
7095 5530
5743 5894
3811 5049
1284 1730
287 4666
4393 6490
2854 425
7632 3560
1777 6523
91 2834
7426 1649
5835 6387
1674 5330
4912 4669
1747 6250
4196 477
3866 2858
799 4731
5988 5108
373 2054
3329 1608
2253 3675
3343 4052
4712 131
3323 2286
3190 5510
6749 1130
4539 3826
3079 7477
2146 329
1958 705
3251 7291
3875 1671
6422 1457
5089 5622
5288 2197
1163 2427
4354 2939
6840 207
7518 6515
3494 150
2316 1083
1403 5874
6036 1483
6010 6041
2358 201
6586 721
3802 7684
3961 1224
5877 1560
3870 4044
4258 3857
2222 6885
5210 2898
4348 4046
930 4045
4756 969
5407 3058
50 5957
2980 5266
380 2859
2187 2453
5983 6767
2665 1912
5602 3021
1975 3133
758 343
7324 4025
7067 1697
5546 6267
6810 4818
4188 2263
6990 3611
1609 5687
4885 6293
1553 5639
2051 5646
7398 389
505 3670
2944 2756
1266 2552
5349 2520
5342 5276
4132 2462
2453 5284
5018 2173
3479 6212
2888 1313
3442 7158
4978 6737
261 1197
192 3432
2707 5672
3813 6487
5839 6959
6340 5927
3488 350
7055 6725
7018 2365
5803 4804
3171 3184
580 2970
542 463
4007 1827
3353 5570
4582 993
6703 4159
552 5982
831 1148
5632 7274
5121 135
809 5365
3600 2124
4375 7270
3957 441
264 845
7636 3930
964 5088
4974 5692
773 3258
1162 2667
2115 355
1358 2411
4723 3889
2426 6733
4744 5454
7584 6194
836 641
3357 4131
3662 133
5378 3622
7509 1702
6314 6626
406 2175
6522 6996
2571 4837
7375 1336
2045 5990
4501 2614
6940 6055
4547 2949
6449 4834
23 7348
6088 5294
3851 7223
5222 7447
2843 862
5976 5228
4833 4897
3650 962
672 4346
7003 854
3772 3427
4966 25
4509 4207
7354 5649
7477 1190
5625 446
6430 4713
5277 6256
1402 6961
6906 6491
4601 2689
1351 442
6872 1615
6402 42
959 1491
2123 2514
213 5877
3306 7621
1089 6569
6367 6421
4142 3094
4214 1432
5264 1695
3105 7288
3167 3115
66 2762
5612 5161
5823 3396
1715 3752
7252 1694
3101 340
4442 5596
1279 4882
834 4036
6207 2771
2612 3884
6677 404
3782 3316
5879 7244
3037 6330
2496 6984
2986 4363
547 857
1190 4073
4176 5529
6520 6100
7229 4496
5479 3359
5746 4763
2500 2973
1887 501
2823 6456
5167 1750
5569 3555
991 7042
480 3883
7072 6716
5719 2016
5157 541
4124 1248
7460 6201
3096 4719
3428 1156
4651 5862
3382 5684
5335 6495
4459 3213
4283 7375
1504 5002
6591 3881
784 1915
77 52
5103 1303
227 1045
745 7052
5597 4652
1153 3894
2416 5310
924 1876
5007 1751
7016 455
1600 6040
5247 2084
6633 3118
7392 5164
5584 3276
7145 4733
6372 4526
5543 5940
5017 7271
4190 6167
6216 1096
105 546
2364 2510
2450 1754
755 1925
5735 6070
6299 7609
4152 1986
1680 2663
132 4969
4261 7122
4644 7265
179 2910
651 6472
4018 4393
2663 983
5498 1177
5510 3169
4827 3580
1010 2676
4282 7484
3590 6433
395 2202
6206 1718
2082 1738
2328 3847
4353 1021
3704 6910
5907 29
6321 90
4457 6385
149 3311
3238 7258
6093 6498
1384 6449
6695 2779
4134 7132
1334 5575
5258 6217
6130 6096
5058 3751
3861 2897
5147 2544
2150 4940
6440 3083
5180 7093
2356 3410
3788 797
4795 1901
5251 1976
2438 7160
6881 520
7606 645
7373 3920
5027 6803
2807 7340
3126 2818
4956 711
7364 1903
5203 701
4269 4709
1343 3029
307 1026
5930 1081
2802 7549
5611 6587
5239 1593
5753 6684
5171 484
3616 1818
5591 419
5336 6479
2055 517
6198 3443
4250 1363
4213 2773
3337 3851
2847 4463
5108 3014
463 6977
546 2389
5914 1928
1932 4533
4965 2583
1917 2636
687 7081
4706 7313
2792 5183
690 6613
4546 5679
3470 3891
2372 393
5924 6967
2119 7612
5280 4657
1423 1381
6194 3554
2927 2635
295 1133
5116 5901
34 7597
2975 3374
6995 6798
2375 3596
5865 292
3258 6285
6507 453
1488 5712
5442 7345
4389 2615
1581 2687
6575 4398
7501 6980
4154 7521
3194 1378
6139 1787
1702 1954
2106 7441
4986 2927
3931 500
3058 3019
2335 6860
843 2119
7656 4909
3296 5255
3223 1887
350 4553
4949 2860
1013 5110
5538 6719
3346 2439
4230 582
70 658
182 161
1062 6245
3741 7277
7291 4040
317 4936
5535 7342
3536 6059
7257 3982
4897 3010
1741 3700
7103 6323
2855 353
1511 2190
5687 960
4656 4626
2715 5656
6916 6699
5793 6251
4463 2954
3127 1094
2594 7353
6579 377
141 1449
1552 3862
5800 2875
4805 5902
6630 1215
4290 3559
1431 2211
363 5919
3591 5380
3766 5082
2797 4535
4337 1090
5253 1043
1510 3072
6886 4446
444 4913
3267 2605
987 1004
4635 6056
500 3913
7093 6348
6513 3712
1610 2597
6051 7512
6757 2303
7452 5914
2394 5077
2196 4107
426 2002
1191 1570
2513 456
6390 3174
3473 7381
3301 4282
6976 4433
5627 7020
2674 119
6131 1013
5494 2491
4901 7295
2197 7513
4217 4684
746 2164
3040 6032
6475 2641
927 4368
6083 1260
4737 2590
3723 3809
723 5101
5056 6089
2269 5830
2672 5117
3048 5064
7356 7384
1682 5682
1585 1275
2840 493
4989 681
6648 1138
188 1929
5503 2429
4179 6223
1818 4613
6566 4896
4647 4316
766 3234
1950 7335
2373 5601
2334 1433
3653 2092
1428 7438
5880 1294
973 6628
3043 1755
7062 1415
2007 2038
1619 6533
6613 5760
5309 6630
5182 911
1159 2091
99 2538
3083 5817
7625 5808
6631 4386
4925 47
990 4274
1458 6338
4612 896
4625 295
2616 4197
5688 917
233 3356
2377 4051
6934 6199
2092 6999
2407 290
6311 3600
4411 1358
4168 5929
4503 2890
1254 7301
3546 2915
6948 5802
4438 5360
1009 1583
3053 2512
4428 3639
5917 3674
1607 96
2054 197
7236 1676
2170 1585
5012 1983
389 2964
2226 3755
4036 1781
1521 4410
6798 7422
4315 3827
4051 4895
4888 4540
5139 1220
4767 7668
2383 4917
1724 3106
2530 3009
1825 4704
2943 7285
3371 5041
3202 151
5769 5648
557 6347
3235 1406
4990 5641
5166 5840
1280 3375
3486 5405
4232 2523
7637 1366
2047 3296
1076 3722
993 3668
2479 4350
1949 7443
7031 3397
191 3578
1305 5955
4126 3379
6955 5086
4942 3220
3085 1919
3125 1514
1814 1511
2015 1291
5789 6384
7601 4374
3855 996
6806 3146
6219 3944
910 5699
1960 696
5801 3603
6870 2391
3045 629
5039 6799
3282 970
230 55
4577 4800
5642 2182
5747 5739
4245 7004
1623 6985
6338 6444
183 5326
205 2366
1595 53
1731 6600
155 3828
4358 6554
3676 4587
932 2721
6544 2555
6376 756
6489 3924
5100 7230
7039 4550
4505 7336
3539 2643
1739 596
2068 4787
525 2486
1380 6924
7504 3452
1036 2371
4886 7283
4663 5512
1736 4516
4600 6496
6201 3345
3901 6183
1222 7071
5700 2535
7310 5628
5115 2686
4687 2772
3970 951
3907 2386
3214 3175
7220 2279
3826 3099
2378 7278
2871 2857
4066 6014
3975 809
795 6175
599 838
1203 643
2233 1122
1591 5492
6072 7430
7571 4204
311 3222
1174 4380
1876 5747
2996 6540
5977 704
2048 2723
4873 7656
4861 5028
1772 3309
7617 808
3327 2697
724 1242
1594 6709
114 6277
5366 3655
5997 5068
6656 2004
236 6451
1120 2095
6638 6641
465 4361
7105 1296
328 1756
4815 5745
243 7379
6435 3409
2929 895
1627 1824
6554 3824
7121 4299
3318 6346
5136 61
7274 4184
1068 271
2155 2361
5869 828
2158 5363
4751 5762
5579 4871
2720 7542
5946 59
7258 2155
3564 1501
1192 5399
6837 5993
1914 5856
5346 2655
6282 6148
4238 3071
2156 4889
6580 7019
658 4419
360 3460
4686 763
2904 6708
1649 1109
3807 2451
4782 5956
5016 454
5390 3227
6787 726
1789 330
7597 3517
5315 1951
1992 5879
5714 6445
7408 6469
5068 4404
6882 5881
780 2121
7668 6411
3748 3663
5868 3070
6133 3842
7696 1405
4231 2607
1865 3803
4579 2350
7177 5921
6957 6634
5651 6884
1642 6808
2296 4947
6192 4056
1505 23
371 3994
7624 1250
3100 7292
1301 288
5138 3888
2290 2254
5484 1135
2629 3176
2515 2950
3574 580
1790 3338
457 5163
6181 4520
917 2608
6746 1978
2166 3487
744 4220
4882 5998
5534 3404
7365 612
2584 1896
5476 816
3498 4722
3524 457
5200 568
6205 4527
3685 3377
7665 1030
15 4796
7056 1008
1611 1880
6418 2467
1485 3465
2597 4585
573 5928
2561 7326
4052 3289
382 7636
4017 6211
3236 7685
7117 2957
6732 4873
336 1079
460 7177
4336 3429
3154 3723
3029 2466
6602 4671
7661 1971
4604 6507
237 3770
1421 1231
6196 4773
2472 3856
5662 4716
3317 1859
1311 5408
4841 3204
4872 1711
1463 915
4645 4903
1599 2769
2042 4289
6330 912
1389 2141
1310 5300
374 73
3000 2292
5873 3049
1133 4899
178 5686
5245 2416
4854 5532
3452 6189
740 7473
3155 6315
6415 7178
1819 4776
6859 2925
3176 5442
4429 1178
3198 6001
5345 2471
6521 1579
2330 7608
7524 5459
6185 1370
5635 5327
4091 37
4529 1175
4482 3081
6618 4746
6098 1830
7028 788
3735 1603
3857 6394
308 6302
5825 6152
3242 4082
3081 810
6170 3948
7363 4747
5844 1078
7161 6188
7169 4459
2010 6091
1625 2162
4011 3607
1161 7060
734 3023
793 1906
3215 6325
7 5306
1981 4514
5678 7076
4160 6386
1173 2324
3418 7099
6373 1116
6474 3515
6848 5654
6907 3185
4523 7553
7009 4409
2353 247
2585 4238
4568 6142
6780 523
5736 6313
4566 3736
2937 3667
6106 4486
5551 6439
7045 2154
7695 873
4962 2752
1215 4781
3965 2570
5663 3546
2240 2103
2739 3965
2514 920
6861 334
5889 2034
5659 2159
2933 3119
3425 2040
1246 459
7599 171
1047 3003
3378 1590
2248 1592
42 5490
5492 6700
6182 3882
4875 5126
1130 5257
390 192
4754 3347
6202 919
6135 5603
6541 3898
6408 5175
6649 3059
2002 4233
6089 7576
127 3637
5101 1691
2892 3434
3659 1035
2271 839
4021 4819
3604 6958
1169 4376
1979 1309
126 3632
1784 1804
2075 1681
450 1670
3038 1823
6876 7465
7410 944
2440 822
1783 4672
1931 5324
5033 375
5693 1716
2717 594
4716 2842
881 3439
3448 4948
1663 5286
4575 4697
5903 4982
2646 2464
741 6535
594 2067
2636 4829
3321 1139
1118 2637
3042 1033
313 4510
4941 134
4207 2100
4527 3500
7115 466
6943 2584
4947 6561
2142 6395
5813 2012
3508 1551
6803 2310
1994 7638
223 3281
7462 3662
4192 2187
3627 6768
900 5847
302 6114
6770 3063
5561 6011
851 6867
7400 1502
2941 7570
1993 2979
3939 1994
3614 4614
1633 4727
4586 7657
4415 3086
1537 5242
2511 3444
340 3349
3386 4806
6557 3732
3998 3949
2243 84
4015 3796
4597 2796
1518 4186
6024 6618
4857 1643
706 3068
5949 7056
1668 5387
6141 112
996 6093
3552 5197
453 7449
235 2083
2874 2269
1665 1886
5411 7373
6259 2959
3261 7247
1195 1526
1855 124
2719 1757
3993 576
1566 2516
6647 3158
695 328
2680 469
2960 1705
1356 325
2605 3109
4863 6990
3412 6802
5133 3362
258 2984
6046 1586
2836 1851
2462 4130
4001 2602
5804 4760
2017 6354
1429 6732
2617 1195
6286 4771
7659 3885
2430 2595
3730 5904
5412 2886
4286 556
7276 3202
2050 5139
2577 2099
3715 5849
3922 6222
2324 5246
1091 6236
6683 5985
1500 5226
2698 2832
7328 3017
1461 830
7574 7097
3511 593
3689 6517
2722 448
2436 4271
1864 3092
6779 3470
245 3024
5274 7390
5536 82
4673 2399
6016 2519
3454 2107
3463 1191
3347 170
5094 4476
2433 4654
5183 3640
518 3320
2860 1308
4043 5463
567 4649
2041 2148
6742 1012
1879 3331
6546 5756
1312 5555
5048 893
4837 4464
2320 1117
7422 3159
6437 7626
6875 2339
1269 4104
5273 3273
3759 331
3946 3369
4357 2031
6122 6518
2464 402
1709 7012
2638 3327
2111 565
5303 3065
1498 2876
231 5504
4831 2283
5085 2009
989 5988
1316 1265
3919 5860
5184 2000
1676 3226
4693 1576
1858 422
3758 3846
5673 5050
3006 5667
2658 1913
4478 2658
4452 224
867 435
3240 1768
2770 6405
3979 5557
3367 291
5849 6024
692 6478
4835 2867
6456 5934
128 4136
5509 5247
484 7694
6168 7616
3010 4772
4615 5410
1368 730
3338 7115
4453 6111
483 5377
6159 785
7619 2540
4834 852
7312 130
7081 1327
6043 4378
4128 4063
1455 4422
7001 5553
5783 712
4497 4828
2337 2316
4565 3473
4359 979
6737 4343
3884 4337
1645 6340
2352 6371
2827 1301
6641 2352
88 6489
6634 6831
5864 186
2393 4296
6020 2963
5727 6646
7226 1835
662 2348
3611 2775
1803 1247
4491 3704
2738 6566
4631 6852
3630 7208
922 5186
3124 6865
7386 7577
961 4252
893 449
1781 3221
7522 4979
2954 2120
4864 437
1734 4696
4077 513
3845 1498
6791 7187
5181 2379
3968 1968
1802 7403
4123 3542
4466 6144
74 6396
5444 2475
5327 1121
6333 284
792 4890
3476 5534
4670 6688
2926 5717
4329 6423
6745 7048
5495 2214
425 1611
5209 2380
4097 2983
4464 1093
4312 5056
2618 5787
5725 3533
3074 5727
427 2822
5759 3324
1557 892
4976 2799
1646 926
2951 2052
3365 1082
442 1539
5867 4152
3847 6541
5655 482
7012 867
449 6542
2817 5885
6410 6115
3523 6224
2188 5220
6956 988
6302 178
3666 2344
4922 773
7007 107
5192 1729
2718 2354
1446 3391
4220 1427
7438 5016
6116 3446
6801 5201
6714 2268
6433 1032
7206 204
2026 1703
6393 2274
2575 1297
1028 6622
6589 364
7249 2306
2456 7475
7560 3738
2812 4922
225 3633
5944 7261
1064 215
975 4381
6374 3909
3996 5342
6269 7120
6506 1245
2163 4375
1247 2845
1029 7563
5681 2443
2833 1680
4445 6123
3710 677
3080 109
1893 1636
1379 1800
6987 694
7344 663
3595 6290
3797 2619
3879 1011
5985 7431
6263 3135
5874 5897
2315 48
6485 5184
2103 2680
6385 2157
5537 259
5114 2401
5709 5147
5810 3326
5460 4315
3305 7252
810 3829
1264 3030
5413 5951
3983 3524
5473 5593
6558 7226
471 6219
5176 3567
7042 407
2666 1340
727 5063
2129 818
3381 733
1847 5886
646 1450
376 2497
2292 585
4919 5444
1729 4303
1214 2369
4215 863
4871 4215
6965 6691
6324 2895
1564 6300
7539 7587
7141 4855
1520 6897
4867 2029
286 1531
5626 1256
1296 3731
1257 2165
1456 4823
5213 4502
4446 6301
5638 7550
5691 3435
6843 2778
320 3844
2859 2810
3022 2833
4675 1322
242 2588
3657 6474
7629 5319
5337 7543
1857 4247
4954 5891
5259 2846
4161 6381
1756 3621
6264 7462
3369 1169
5901 5078
5574 2353
2967 2724
6490 3387
3056 7506
3910 7409
5836 7047
4971 6161
4816 6038
1244 6549
6238 1557
5002 1930
7561 6617
5485 1480
3133 2421
828 3084
2676 2626
584 2928
2318 2624
737 5344
6530 5753
4424 4586
5350 4139
4327 533
3331 1499
2411 1182
4414 656
5820 5398
5230 1724
4581 2490
341 4010
424 7033
596 933
5545 369
5456 1396
4970 1170
3545 3872
4480 5285
7499 5873
5870 2651
5594 2726
2735 6512
1947 7567
2684 3441
3082 5331
3112 3442
4423 5415
5426 6408
4787 5058
4035 5121
1909 2296
3291 3031
6467 4832
1289 5339
2814 1437
6377 3476
2244 3777
4968 3733
6394 277
5860 5718
4858 2035
3510 6991
7271 4482
6941 849
2583 7413
4961 7094
2742 7385
