20 78 18
17 3 0
13 12 0
19 5 0
7 13 0
14 12 0
19 9 0
7 14 0
7 8 1
5 5 0
8 9 0
16 7 1
7 3 0
9 2 0
12 8 1
19 7 0
15 6 0
16 6 1
17 15 0
9 17 0
18 12 0
8 16 0
4 16 0
11 5 0
6 12 0
20 2 0
18 3 1
19 1 0
5 15 0
5 10 0
13 5 1
19 16 0
17 7 1
3 2 0
6 15 1
3 15 0
3 5 0
10 17 1
4 4 0
17 17 0
13 11 0
4 13 1
4 3 1
8 15 1
15 9 1
4 13 0
14 17 1
9 11 0
15 13 0
3 6 1
6 11 1
17 10 0
8 13 0
5 11 0
13 15 0
7 7 1
11 6 1
12 7 0
6 13 0
11 1 0
19 9 1
6 10 0
5 8 0
15 4 0
2 6 0
20 10 0
17 12 0
11 16 1
19 8 0
11 2 0
3 12 0
5 16 1
19 2 0
8 3 0
16 12 0
19 14 1
5 4 1
2 12 0
3 12 1
