98,506
983,744
291,187
798,751
930,351
152,889
440,984
126,955
308,508
59,586
330,106
73,194
697,893
940,987
986,5
840,857
325,173
354,637
693,555
907,280
571,685
772,769
921,165
613,176
803,357
563,134
743,675
739,136
349,262
147,494
590,761
976,484
540,613
303,217
393,813
398,10
28,338
901,604
426,528
326,385
809,546
556,892
437,660
202,277
651,507
954,58
855,685
373,460
858,983
856,867
164,325
884,452
576,8
40,799
743,170
688,468
66,465
677,775
754,861
879,711
649,61
901,850
875,567
846,307
258,545
566,266
967,720
456,403
787,264
462,540
971,230
668,218
683,413
478,488
612,662
190,83
470,561
471,354
732,88
61,754
148,329
848,440
298,592
295,535
652,274
113,918
429,650
955,992
821,380
879,708
980,853
293,302
567,701
103,609
522,701
835,508
179,47
553,74
778,445
534,230
960,782
745,295
815,182
377,603
634,94
870,513
593,700
69,498
220,332
462,704
646,770
678,280
306,264
800,60
999,887
364,670
924,337
311,922
611,646
580,476
460,307
468,64
800,100
925,265
362,237
292,820
952,519
331,950
598,55
105,806
54,312
622,78
397,171
55,770
608,806
741,439
943,43
252,336
800,101
920,538
409,983
455,982
226,642
484,720
424,822
143,625
333,428
456,812
717,430
277,773
290,920
167,833
477,297
759,394
276,855
155,303
904,476
817,807
800,102
296,245
494,1
414,775
704,354
746,731
401,924
363,546
539,73
367,615
394,129
599,299
653,177
800,103
42,931
491,353
416,628
77,357
110,143
207,577
721,146
58,210
156,322
368,942
487,420
720,315
450,894
965,684
799,130
254,745
495,317
587,988
68,907
268,57
360,273
800,104
158,929
225,594
169,34
752,235
998,903
963,887
718,725
8,492
463,217
341,587
123,560
454,992
651,744
321,934
308,581
820,596
952,795
50,742
235,67
656,592
425,637
955,311
404,99
938,560
270,297
966,338
919,837
302,949
886,572
442,307
736,558
603,950
286,415
595,58
985,725
743,518
854,77
511,538
483,640
941,648
715,706
52,934
829,447
919,239
205,274
221,669
699,536
659,152
214,21
816,988
229,622
699,308
389,811
411,91
601,46
151,930
456,64
16,62
234,66
878,256
175,176
949,33
185,194
522,352
664,584
758,339
653,845
339,843
113,889
257,615
709,842
8,681
130,692
979,58
638,573
876,280
227,67
628,348
509,805
319,634
202,807
342,917
869,476
168,251
419,879
822,571
672,974
385,7
240,733
665,668
836,699
428,267
109,372
449,328
50,944
14,870
52,363
388,406
713,373
195,825
586,175
641,190
129,640
963,821
297,516
565,49
340,931
803,889
589,588
504,516
235,454
913,819
361,395
906,505
791,186
997,187
609,546
859,659
601,381
859,70
212,182
340,36
50,654
214,822
411,962
763,609
772,658
412,487
717,255
624,309
277,638
29,704
280,950
324,577
859,414
502,214
941,543
480,645
178,558
253,290
495,423
290,28
142,815
2,719
913,498
771,947
965,45
195,153
515,582
933,644
525,222
756,951
369,207
211,834
420,281
585,851
398,763
712,741
328,842
516,62
965,125
108,459
559,95
654,633
934,185
224,612
938,392
298,199
460,942
650,515
380,314
881,439
10,64
940,331
801,266
632,860
379,77
213,939
229,868
887,736
689,605
224,478
263,698
244,318
642,299
218,805
242,146
9,654
515,383
139,322
759,440
624,610
668,978
11,910
404,111
10,955
545,594
541,933
851,438
25,593
452,472
290,544
691,665
473,302
592,683
949,746
611,9
361,565
116,128
556,963
821,766
337,355
207,866
711,57
851,27
514,957
429,426
108,44
91,807
103,184
868,9
949,966
709,614
561,584
800,745
65,638
824,741
195,486
902,407
791,263
68,827
399,971
250,258
934,108
903,459
987,137
624,923
386,747
337,859
290,237
849,459
200,563
909,934
984,545
204,24
206,498
73,236
811,52
128,817
462,281
358,602
666,326
749,182
135,579
947,522
714,156
967,57
598,828
527,511
494,797
117,158
839,688
567,27
200,947
450,574
470,362
385,715
571,780
944,671
926,245
640,17
98,637
197,473
656,630
123,427
469,233
402,934
383,429
987,933
460,466
668,739
730,161
777,424
710,184
175,581
809,645
905,106
60,496
937,34
561,148
446,203
415,492
157,466
927,942
372,484
308,455
443,628
165,513
618,398
607,919
378,842
879,867
605,858
70,166
208,951
574,682
85,946
672,21
645,420
810,262
465,94
904,26
35,282
257,529
957,505
490,353
413,804
238,506
207,867
200,57
171,62
561,34
275,631
717,494
373,811
707,689
81,400
734,31
947,336
701,111
725,204
732,381
268,164
223,238
276,707
129,150
891,827
775,144
940,616
738,471
424,65
981,479
715,843
730,797
812,136
318,707
914,200
535,210
514,150
870,640
200,650
388,855
356,572
891,973
996,425
440,321
33,320
272,797
400,514
650,94
539,110
206,322
998,339
875,409
8,952
636,262
185,624
867,114
744,978
285,634
891,767
113,381
417,986
346,910
819,233
703,370
702,379
151,776
603,762
683,188
846,399
369,948
485,425
563,749
936,828
565,780
411,812
940,373
854,548
187,630
668,887
423,225
183,634
283,213
435,300
289,947
570,895
525,406
886,182
579,71
287,999
360,236
724,717
569,70
12,619
344,16
262,24
797,141
64,250
983,859
448,128
107,60
621,595
642,30
448,65
380,724
641,703
344,882
677,397
918,209
529,255
522,319
398,679
642,455
767,652
42,32
269,660
576,919
41,836
57,975
483,251
290,797
596,985
524,789
346,553
242,657
842,498
432,173
462,471
226,591
445,936
65,401
873,700
349,221
430,822
876,471
794,132
244,169
22,461
771,600
832,944
449,827
265,193
880,50
797,932
151,536
628,739
132,493
500,843
726,511
148,551
194,400
161,778
789,117
829,314
599,165
311,913
659,343
317,36
117,947
304,99
473,569
107,353
702,453
833,124
351,968
771,995
565,117
75,653
335,163
979,539
201,426
329,158
20,952
307,883
430,342
308,350
82,233
85,94
772,51
422,913
143,451
794,533
720,516
722,570
658,183
759,430
730,549
354,763
770,694
155,307
988,381
667,489
325,571
561,923
284,946
349,72
488,783
584,631
541,360
221,907
647,753
292,329
832,310
568,465
553,311
476,400
939,331
133,84
885,597
975,312
783,188
161,347
678,293
587,772
276,843
110,70
308,757
309,617
425,725
921,184
980,917
910,831
749,272
961,54
904,25
99,361
320,981
34,25
596,609
779,637
10,419
77,202
13,236
157,957
737,937
424,794
444,914
696,150
802,48
769,508
360,249
177,169
617,691
201,824
659,695
373,536
386,868
948,146
3,492
77,789
581,350
701,149
181,150
507,347
244,456
652,827
693,568
322,451
465,105
625,51
4,140
770,88
576,620
924,658
139,440
711,69
894,10
782,359
587,341
525,654
75,701
538,6
684,665
149,404
390,938
919,999
925,702
765,153
495,325
65,866
899,211
874,266
515,241
157,308
779,733
772,602
496,86
799,236
575,331
675,830
553,594
520,592
566,95
2,10
278,677
22,987
634,5
568,604
219,530
67,438
411,18
689,328
503,960
116,746
449,450
455,500
913,173
113,290
856,29
675,791
995,480
29,282
68,193
249,555
999,656
57,765
733,497
963,128
732,916
583,888
857,217
976,771
630,733
302,236
695,501
487,160
621,975
132,275
46,668
346,583
597,80
773,159
908,500
611,266
554,233
69,470
690,625
300,461
724,793
535,657
401,336
848,242
258,408
678,210
536,449
25,136
288,572
7,863
577,44
303,25
419,579
834,350
307,185
950,960
982,98
274,509
389,976
334,807
603,851
51,765
884,536
204,889
910,102
998,274
667,753
944,19
450,950
380,267
913,907
58,601
116,625
422,382
115,519
388,699
667,275
653,13
309,8
826,238
151,968
978,961
459,22
506,741
291,872
570,931
181,528
753,279
170,839
990,647
264,9
277,516
749,871
144,635
659,377
368,43
74,183
972,946
901,433
101,377
198,844
982,359
133,988
805,318
174,209
26,853
186,981
294,542
650,621
925,381
407,193
612,621
905,107
842,221
169,417
315,855
385,36
524,462
258,159
514,589
58,959
785,383
587,242
211,927
146,119
874,782
907,894
663,991
63,333
590,529
482,171
785,153
620,232
289,882
899,820
852,879
801,81
150,344
468,920
988,116
706,641
330,112
893,908
210,362
444,817
901,385
168,823
30,856
67,33
673,78
868,887
857,509
845,593
308,725
308,749
720,533
465,471
332,600
229,9
48,883
950,266
944,349
972,849
525,959
384,296
727,665
330,891
272,202
750,50
671,794
511,610
849,511
440,466
100,893
909,915
841,631
272,769
417,555
624,733
38,926
67,835
775,0
924,702
438,200
99,297
51,742
87,321
610,470
1,881
772,766
312,145
143,855
927,683
851,483
651,887
201,991
41,365
267,15
143,512
434,633
658,483
79,591
