805,660
848,617
970,524
892,655
947,575
821,628
927,551
831,593
836,574
915,694
826,630
875,623
878,603
960,555
912,561
965,610
847,613
873,649
841,627
908,687
873,664
978,500
884,536
957,634
873,608
982,527
879,681
918,582
814,681
911,550
887,547
994,651
905,560
931,525
933,587
818,583
808,535
816,502
885,694
982,685
845,637
923,637
948,678
809,628
825,670
919,539
932,590
976,531
942,510
811,699
862,600
849,572
867,689
858,571
802,558
819,654
813,542
975,549
951,660
805,667
964,645
931,527
979,646
920,575
956,503
854,574
984,638
967,573
918,522
831,502
905,561
843,633
839,535
822,577
897,557
842,598
876,601
984,651
994,613
822,626
879,658
910,639
865,534
919,664
834,633
987,550
897,581
900,631
806,517
881,684
893,586
904,507
986,684
841,698
938,593
990,503
914,668
948,657
813,507
929,601
999,587
880,680
802,524
957,552
890,510
840,593
991,510
835,512
929,677
900,685
985,608
826,503
937,551
918,502
848,538
830,584
869,519
985,668
906,570
808,626
877,523
839,550
889,538
812,651
833,532
931,680
979,568
855,558
939,637
862,646
936,601
868,678
977,595
970,644
944,661
830,690
936,675
910,535
884,675
854,631
852,555
884,681
956,683
806,643
920,625
872,694
855,536
933,679
992,520
824,699
939,641
984,518
833,564
858,527
871,530
996,618
944,642
927,533
898,526
936,628
832,671
901,574
930,581
855,632
824,698
825,531
889,644
868,605
808,692
800,611
996,564
901,678
911,557
953,508
953,555
812,588
981,539
825,570
802,546
947,600
983,640
963,543
908,539
828,592
890,534
949,544
955,593
929,675
874,672
922,530
898,670
942,553
862,594
951,613
859,643
993,684
983,624
818,594
812,614
902,552
867,658
848,564
945,544
850,613
807,546
860,645
850,634
852,519
861,651
981,616
910,562
895,686
807,599
877,600
960,521
834,516
908,699
856,654
869,653
815,625
921,562
909,548
829,535
814,500
996,672
817,660
911,601
957,634
803,551
908,580
939,664
922,659
831,581
885,654
979,522
972,622
897,609
821,559
976,502
827,636
915,508
827,634
940,639
833,545
851,507
986,559
907,638
923,525
821,583
985,621
985,616
927,583
964,617
910,644
812,669
845,549
937,698
949,516
824,567
916,643
966,595
962,513
977,522
808,513
806,666
976,643
802,622
871,696
836,539
848,691
952,594
859,544
948,517
858,517
817,567
981,632
954,552
991,574
859,615
967,601
868,642
938,698
952,647
934,558
889,587
911,635
871,517
821,671
947,669
973,663
921,635
873,610
922,685
896,675
946,630
862,535
920,594
944,570
815,670
814,609
801,513
879,633
917,682
827,627
840,636
917,636
867,561
853,636
835,679
802,650
853,531
929,654
823,550
845,609
927,650
833,635
824,548
987,686
970,698
945,512
884,671
827,654
938,556
988,554
921,652
999,586
808,626
937,570
954,602
906,539
936,672
861,504
926,579
914,514
963,554
893,636
983,648
918,618
847,533
992,655
929,669
871,620
886,504
988,503
829,680
891,528
802,553
879,559
967,588
839,682
837,687
971,573
831,556
889,688
860,627
917,599
838,500
867,588
902,626
972,659
970,569
800,694
842,696
998,669
933,532
938,575
964,694
836,667
909,646
984,528
975,581
897,582
813,625
922,526
945,568
872,659
827,584
852,667
840,587
921,511
819,680
925,618
800,500
935,590
928,627
906,591
946,566
937,553
812,696
934,621
971,505
919,625
945,689
921,604
992,554
866,523
960,596
860,556
807,568
983,543
923,513
973,652
961,666
958,684
844,647
882,606
839,558
992,506
988,673
822,648
907,565
928,692
814,571
987,575
814,570
889,517
801,519
931,600
965,597
882,687
874,649
804,611
998,577
877,657
803,563
847,643
862,684
897,597
996,509
840,676
828,699
940,595
933,605
813,674
840,694
983,583
983,520
814,667
830,588
969,678
945,502
947,693
898,570
923,504
954,659
985,501
899,634
826,507
999,677
850,546
827,530
871,519
974,587
980,647
834,678
823,685
843,669
974,574
975,631
837,510
910,600
821,610
835,554
923,642
882,628
832,662
804,599
935,639
831,590
846,674
865,536
966,647
823,648
958,598
972,628
912,533
835,675
828,598
964,607
818,693
816,640
915,628
812,641
839,597
821,644
800,563
828,645
942,564
974,652
848,523
935,525
885,557
885,673
863,676
947,621
891,575
978,525
886,646
830,622
858,530
858,647
904,526
807,520
823,699
871,593
895,518
983,594
820,526
881,564
907,694
842,671
943,569
933,524
872,601
802,557
873,674
907,538
962,518
862,599
959,658
943,603
891,571
854,567
823,685
845,685
868,613
820,693
874,537
928,553
898,601
912,592
810,633
838,608
843,640
863,584
985,519
893,604
849,551
910,635
815,576
976,569
822,633
923,551
816,571
840,698
899,557
912,531
936,696
940,655
858,582
980,629
871,616
968,535
940,524
986,507
942,678
889,632
918,563
881,548
907,503
966,564
980,627
895,611
995,607
874,595
978,530
821,579
832,568
879,615
881,511
891,506
846,503
893,507
918,651
978,597
925,659
872,669
929,500
923,531
804,580
879,524
909,510
820,665
877,558
970,672
969,503
958,526
979,536
924,626
802,653
960,630
961,664
886,691
973,532
904,530
893,571
834,620
815,591
877,639
815,668
837,509
965,519
849,634
971,633
927,655
812,560
800,668
955,699
841,563
990,535
913,514
997,594
960,507
890,531
845,568
909,654
801,526
830,520
801,520
846,658
890,578
950,574
917,532
871,605
873,623
970,611
974,634
994,689
980,663
981,678
869,670
981,582
823,596
910,574
929,601
889,580
926,629
927,527
829,610
927,640
864,606
926,644
884,513
905,541
929,674
863,522
974,607
966,504
879,579
975,663
980,575
962,619
801,679
961,564
877,674
873,687
935,691
854,630
887,523
925,548
803,553
959,689
905,625
912,594
975,699
899,546
927,621
870,631
921,667
824,658
983,540
923,503
996,602
940,670
800,515
925,539
875,686
914,595
814,541
840,523
818,562
996,673
827,655
982,558
964,684
938,590
862,587
930,632
933,548
825,603
994,591
985,543
848,653
816,544
997,587
847,693
939,631
811,546
918,627
889,519
960,507
928,574
892,523
819,554
861,622
914,696
813,541
990,603
861,676
874,675
888,698
855,518
858,543
949,529
972,679
930,554
823,586
816,528
819,595
866,698
813,648
934,578
855,510
873,652
950,538
934,567
892,653
821,552
907,681
963,514
894,545
953,614
935,672
868,600
929,660
821,691
885,677
948,629
896,532
901,624
952,532
859,683
874,662
990,673
898,600
890,628
974,604
933,608
979,506
895,544
853,693
896,667
835,531
812,616
867,507
822,626
864,677
945,670
901,611
994,509
843,690
833,598
988,583
838,696
818,549
998,541
839,561
987,622
923,602
888,579
876,626
855,553
849,574
998,514
826,548
815,526
924,506
802,565
951,506
946,628
830,568
970,676
858,630
959,620
809,500
803,571
891,652
931,561
896,515
856,532
932,625
980,550
915,534
993,538
913,505
813,542
888,669
938,662
973,635
968,648
895,542
859,642
861,642
983,581
922,642
963,625
814,687
821,556
847,613
931,516
813,661
889,605
996,583
866,614
948,591
847,523
923,506
894,675
892,532
891,688
934,554
988,577
923,513
979,690
930,608
845,642
984,518
980,505
966,594
898,675
916,563
931,644
814,625
993,678
875,558
872,520
836,570
903,607
951,505
954,558
925,528
914,619
894,626
973,598
955,529
962,685
889,677
937,604
972,629
847,514
962,538
922,547
881,633
901,562
870,630
913,552
961,503
945,571
957,550
997,695
843,589
813,514
922,586
896,640
819,649
964,696
889,597
905,585
986,672
972,575
823,607
941,630
804,598
912,554
979,519
839,511
870,634
931,629
929,586
925,539
996,556
930,615
956,544
901,571
884,610
926,554
859,550
949,550
979,691
939,520
859,532
813,558
913,514
873,521
943,581
864,600
804,562
918,635
850,502
989,575
930,623
864,543
925,656
824,549
940,589
939,526
941,506
879,682
824,656
864,582
832,697
952,630
904,665
849,623
923,585
895,670
964,645
901,511
900,546
837,672
887,604
895,598
814,681
802,664
805,696
854,625
860,548
952,608
854,543
802,541
915,624
882,653
814,535
941,610
887,655
893,556
837,570
996,644
967,674
976,656
848,563
806,661
905,548
938,586
910,505
876,683
933,545
892,608
854,679
897,666
953,671
838,658
947,516
828,612
882,578
888,681
812,614
850,524
916,683
919,647
869,682
898,555
878,597
933,529
810,648
966,536
910,627
813,537
877,590
802,505
992,518
832,570
956,617
882,541
832,518
917,507
963,679
986,622
915,632
929,586
822,514
951,504
964,640
857,583
816,624
841,643
882,652
880,560
924,583
806,663
944,667
900,577
803,664
955,687
807,626
804,642
943,601
833,529
994,699
962,601
947,563
920,573
933,621
897,535
973,654
836,635
906,509
959,663
977,522
983,532
883,664
829,623
906,699
998,548
895,511
974,638
973,529
847,633
831,658
805,518
858,631
844,622
803,546
939,523
891,647
917,603
871,562
809,537
923,520
901,622
968,582
952,665
877,549
897,562
912,534
904,615
965,563
955,682
858,627
912,674
864,588
834,548
969,547
927,539
947,608
801,537
955,566
971,510
952,519
904,562
969,564
835,612
891,580
999,692
804,607
916,649
877,547
855,603
973,585
838,652
978,697
922,655
928,649
972,634
864,632
989,614
897,658
999,611
877,573
804,521
890,664
926,697
964,524
999,631
854,557
806,533
818,520
884,610
829,593
871,565
975,646
949,633
997,625
821,529
890,532
949,657
948,664
884,545
855,515
901,604
981,687
897,693
882,670
973,659
860,623
911,580
910,605
893,686
926,525
870,639
956,528
957,676
905,577
984,599
876,556
964,547
999,622
823,566
854,504
862,683
915,567
864,631
980,613
925,650
899,671
823,562
943,546
946,575
948,540
995,604
890,621
977,520
957,554
831,623
992,506
988,633
876,651
890,528
849,651
880,525
941,681
883,513
989,571
925,537
937,573
840,546
893,569
969,654
879,603
845,544
887,696
972,634
947,531
838,572
855,651
913,599
983,584
843,592
990,520
946,563
869,544
831,608
856,536
926,643
993,643
859,635
871,684
891,530
845,591
998,632
979,619
927,654
820,566
807,528
928,627
894,540
988,585
943,578
825,588
943,676
809,576
977,696
873,584
804,684
835,676
912,679
865,603
865,633
906,579
953,671
856,674
943,572
954,556
942,503
863,611
844,627
839,666
905,540
927,571
922,632
822,689
820,561
893,514
843,549
807,591
951,637
928,679
848,550
853,559
970,595
842,661
833,690
979,511
894,558
927,688
834,576
889,626
969,643
891,600
935,650
905,689
830,600
882,628
898,575
859,506
970,587
891,559
812,666
933,673
930,542
839,508
975,538
883,665
965,677
913,569
808,626
944,629
894,637
973,657
908,639
952,530
962,536
893,537
936,502
887,555
975,550
953,641
953,558
856,513
982,541
854,552
809,676
834,643
886,515
954,687
871,543
879,656
982,685
822,536
826,676
837,528
862,625
993,690
922,541
952,589
806,617
919,534
898,616
901,687
811,545
909,510
856,673
966,508
849,561
945,550
829,634
964,512
830,563
873,667
802,563
946,666
950,617
947,618
836,643
988,548
996,664
936,520
953,627
985,682
805,536
866,623
928,678
862,598
926,532
907,645
953,611
834,564
802,673
977,552
819,549
808,592
812,585
876,698
873,686
863,555
984,630
814,698
902,502
810,528
834,538
862,670
898,592
868,687
829,660
871,696
961,577
941,571
835,589
900,643
996,542
851,555
952,569
998,509
937,578
904,625
978,545
868,519
897,576
848,611
834,579
979,645
836,538
888,671
869,566
938,661
866,669
931,670
875,687
993,528
888,595
827,566
857,644
975,509
968,696
858,531
859,589
863,699
856,571
972,618
806,510
961,696
943,547
887,620
957,687
988,566
985,547
876,615
837,668
960,554
962,500
856,544
938,684
864,589
909,555
886,630
947,662
916,512
998,543
812,667
913,642
883,613
997,663
843,693
995,664
984,679
883,551
911,594
900,630
925,640
848,571
898,619
968,503
904,530
964,625
873,681
904,651
830,538
840,604
934,515
811,608
898,572
862,672
894,657
829,540
857,600
820,615
899,642
937,596
816,509
827,547
927,658
910,548
829,635
842,691
950,558
905,574
803,597
982,648
813,586
962,504
861,508
856,559
906,607
976,682
814,684
982,665
983,680
961,654
975,618
845,598
912,695
834,554
855,652
949,578
806,600
843,677
897,615
904,560
812,621
985,620
864,543
826,617
914,535
820,586
947,667
974,685
934,673
930,524
924,678
813,669
973,620
932,601
904,556
917,528
985,598
803,582
915,669
807,643
823,578
908,509
961,528
843,587
953,633
993,562
898,618
943,689
872,665
857,592
868,572
984,633
924,506
827,696
935,615
924,565
855,649
882,645
956,653
814,650
903,697
834,619
844,622
853,667
852,687
914,566
946,578
920,670
954,674
878,539
991,647
869,605
861,636
869,627
846,604
913,619
941,589
863,534
814,513
868,640
842,665
827,523
832,690
898,667
983,543
917,679
985,519
831,665
910,692
940,504
811,691
982,575
922,516
935,503
902,689
850,653
994,541
951,677
976,590
936,552
897,666
812,671
828,513
943,646
855,699
845,598
840,675
898,518
928,692
836,599
949,685
975,609
965,613
921,635
857,553
833,661
815,565
957,696
881,522
975,629
944,582
984,611
930,511
828,610
841,521
831,537
904,583
948,571
860,577
962,630
902,513
951,502
990,630
934,659
834,579
887,692
887,675
844,576
930,545
941,658
971,620
850,695
830,667
882,505
821,610
842,598
853,590
856,564
957,674
833,528
836,647
825,592
964,537
874,667
832,560
966,652
930,696
935,580
959,536
818,684
860,517
873,515
990,655
996,585
937,534
818,529
880,649
969,682
994,616
814,654
920,672
808,551
960,679
927,550
803,659
899,539
953,518
967,571
998,556
844,655
887,524
943,591
835,553
831,692
945,562
875,606
963,680
803,521
907,693
808,576
908,585
993,553
977,688
943,604
891,587
877,588
800,536
819,634
926,507
802,548
999,598
969,651
858,655
828,622
848,688
897,664
862,605
963,614
898,647
876,581
976,612
816,524
856,597
929,519
870,618
950,650
865,529
987,576
927,593
868,545
970,516
885,525
953,655
996,617
809,501
904,527
876,633
908,601
825,665
999,634
853,594
870,596
942,609
927,689
864,508
819,597
888,657
933,690
878,680
968,505
818,633
881,507
999,612
864,656
917,689
808,542
969,618
979,555
933,656
877,521
922,578
951,541
829,601
809,676
896,641
873,577
989,539
884,655
861,543
843,596
881,504
861,675
895,690
865,691
911,620
838,579
968,545
820,679
856,671
882,612
837,570
893,633
930,523
961,656
848,574
886,606
960,591
903,672
830,607
885,640
826,592
809,560
967,556
826,594
939,501
963,699
961,687
924,576
827,632
942,679
844,579
805,611
888,671
882,577
870,597
813,632
874,675
913,598
936,663
824,531
888,566
997,533
862,550
941,658
939,652
888,553
897,573
914,589
942,567
974,679
849,603
938,667
911,695
978,573
933,568
985,640
926,560
801,671
830,670
832,582
933,541
800,598
936,593
818,530
846,698
841,608
811,618
810,539
910,567
962,670
904,619
907,658
912,619
864,650
852,567
862,649
870,527
966,511
947,613
847,653
916,639
953,675
953,667
840,508
884,513
837,578
977,658
972,648
823,603
978,656
875,679
800,563
851,639
972,692
987,514
940,663
868,516
951,669
998,641
949,630
841,523
916,551
808,515
962,587
874,621
939,638
909,523
889,673
897,506
953,624
858,511
983,666
864,665
868,696
833,582
860,526
801,671
831,512
973,555
912,599
899,611
883,684
988,500
874,677
893,591
898,507
823,621
992,530
814,532
991,676
988,616
854,607
860,682
966,609
815,676
827,648
974,563
877,631
972,555
868,572
975,683
802,537
979,583
949,695
929,623
982,682
970,537
961,552
903,544
930,617
940,553
839,669
892,602
966,538
810,689
881,648
966,637
872,638
875,631
889,638
918,513
839,537
847,641
811,631
967,577
892,601
957,534
819,557
894,514
860,603
844,514
989,546
871,565
982,639
981,517
833,585
844,692
918,656
874,608
933,675
854,544
956,615
877,591
834,608
840,519
876,530
966,664
959,548
806,673
975,507
810,578
975,669
821,670
997,538
981,639
899,508
996,618
992,661
957,509
863,597
834,506
933,550
828,652
919,534
996,556
818,631
885,662
915,545
967,530
994,511
906,637
926,615
968,599
916,694
993,539
952,525
907,503
989,684
895,579
884,578
807,532
807,547
961,693
948,653
803,530
932,522
970,642
920,670
850,573
816,677
867,688
826,597
937,611
934,668
956,695
929,596
838,637
819,521
895,502
998,527
907,558
955,586
917,516
977,509
843,634
934,688
937,673
953,667
824,579
935,517
879,605
807,650
856,664
818,580
963,688
999,557
813,629
997,671
992,674
931,553
930,645
895,673
891,509
846,516
923,628
823,541
821,532
830,692
988,649
807,593
832,544
938,605
960,642
898,650
876,668
948,688
990,654
983,656
831,560
834,598
913,535
937,620
879,618
982,569
959,618
835,601
979,632
936,661
900,583
970,686
863,625
977,583
965,560
875,590
825,638
864,622
924,557
815,516
806,692
902,666
977,570
851,597
961,596
981,560
939,573
813,681
901,526
848,666
867,625
814,666
899,541
963,587
918,607
937,642
961,672
898,612
876,524
802,558
933,640
918,540
846,576
981,568
863,541
818,551
846,643
845,668
882,656
953,674
909,686
913,685
919,627
827,625
903,603
997,526
822,647
884,659
801,547
903,651
890,615
973,511
905,553
889,576
549,923
562,952
575,905
621,947
584,984
594,907
625,979
658,971
510,923
526,944
683,903
613,974
549,918
664,913
659,987
692,994
513,938
534,927
649,993
504,953
686,959
574,936
568,987
506,914
533,949
587,933
538,914
685,919
652,970
635,928
568,937
660,919
632,903
524,967
516,957
672,924
530,975
624,977
582,926
560,927
543,964
684,959
607,920
679,980
682,908
505,978
539,911
558,930
524,930
604,907
645,993
564,950
541,967
647,924
516,913
666,909
603,970
678,981
548,934
649,969
633,901
635,976
657,927
603,910
512,938
656,919
597,967
509,920
537,998
586,955
543,983
657,992
596,997
690,986
621,974
633,925
684,926
657,921
522,919
674,920
619,925
634,927
602,911
665,907
684,956
651,970
503,912
663,956
546,933
684,973
583,912
510,958
690,942
623,913
509,918
537,973
612,962
674,953
587,929
616,978
504,989
585,977
687,964
660,974
584,991
509,955
646,947
526,925
507,974
601,989
685,961
529,940
696,924
656,987
647,941
609,928
534,956
591,983
680,958
674,972
575,992
578,995
675,909
654,921
579,935
523,985
574,923
681,975
657,930
612,977
577,945
646,934
633,908
506,925
646,964
638,923
580,973
606,956
635,987
612,905
566,967
683,925
565,974
503,972
663,921
587,949
643,905
630,949
535,993
619,916
666,923
695,959
579,928
595,988
501,974
531,947
631,904
686,930
580,963
609,940
502,958
550,949
612,968
551,900
662,984
549,920
531,992
552,915
644,965
672,928
599,952
672,995
569,971
645,958
586,923
599,903
679,942
553,916
623,997
530,932
578,933
564,955
574,914
682,991
551,991
569,936
615,985
591,976
589,995
627,965
557,906
586,936
564,966
544,970
518,940
510,960
696,953
557,911
565,915
582,945
659,928
562,948
640,951
555,915
548,948
555,992
691,939
575,908
581,985
624,933
615,917
601,956
638,919
667,909
646,919
675,907
621,941
657,959
677,990
610,984
634,917
552,979
671,907
694,970
656,917
561,973
537,934
666,957
639,901
550,968
518,998
663,918
561,903
621,927
584,983
698,970
693,991
541,901
578,962
672,947
514,964
547,972
683,920
567,902
604,913
508,906
683,940
534,999
686,983
674,905
685,950
624,976
618,984
692,927
656,951
568,976
616,961
609,918
557,994
653,987
621,901
654,968
530,945
612,939
566,950
619,996
611,978
669,938
578,970
520,913
525,980
550,951
565,947
672,924
547,950
505,951
510,937
541,974
677,943
666,908
642,914
627,936
608,975
661,977
699,956
633,912
643,991
524,906
539,968
666,975
544,974
528,986
636,958
632,992
553,941
661,902
606,987
677,999
685,940
689,963
598,968
530,908
624,973
614,914
594,996
688,991
624,983
587,970
564,913
623,940
642,991
562,907
615,963
639,924
614,969
669,920
565,975
648,983
595,991
691,920
605,977
613,923
571,984
504,925
567,947
618,910
571,987
589,986
560,935
606,980
586,982
566,942
595,925
660,902
615,947
551,987
663,909
552,973
653,969
599,903
584,903
547,917
646,986
521,999
591,927
686,937
504,969
652,941
671,913
626,925
534,963
545,979
517,933
566,934
651,924
680,995
623,954
645,976
641,948
652,940
682,956
632,979
543,973
629,920
695,976
584,944
511,984
658,962
670,962
621,962
530,971
684,965
625,953
571,997
638,913
590,903
652,916
528,932
542,985
595,966
669,906
606,945
575,913
636,933
525,926
606,968
570,928
572,905
565,917
580,915
516,989
515,974
635,992
527,919
663,975
657,977
533,994
690,999
636,972
570,969
578,946
584,934
537,904
665,927
613,928
550,937
687,978
685,945
600,992
636,945
687,940
601,902
639,997
508,968
555,977
521,911
664,933
511,960
514,906
644,965
540,965
651,916
684,917
583,953
520,910
547,998
565,983
609,920
689,929
610,946
651,954
600,962
649,911
590,932
574,982
581,912
575,957
669,953
605,949
531,950
594,910
528,983
622,913
621,930
517,979
663,923
668,964
697,916
579,963
686,914
504,981
641,980
512,963
581,921
594,921
533,988
512,937
555,978
606,969
558,975
517,950
557,965
587,966
661,913
671,905
583,967
588,948
615,983
669,974
573,913
585,997
589,935
579,957
699,914
589,977
582,992
532,931
545,937
692,995
529,912
560,988
696,993
626,932
519,944
692,947
518,918
687,913
642,920
683,908
558,979
518,921
619,976
578,985
648,928
679,975
604,900
593,915
631,901
611,927
628,933
618,955
696,922
627,937
588,993
517,996
548,953
617,944
522,985
634,964
500,924
623,946
584,914
573,993
596,905
660,935
575,923
573,968
567,929
632,970
524,918
644,998
635,964
636,980
686,955
668,959
644,988
591,924
544,999
554,906
660,939
583,956
687,977
539,960
597,916
573,965
657,988
620,903
518,963
555,999
519,951
525,957
682,977
505,985
561,982
689,912
664,902
515,901
581,953
556,933
523,902
551,972
656,966
565,970
670,936
531,988
555,935
654,940
674,974
655,970
596,976
518,966
581,924
588,931
601,943
577,976
687,952
537,906
655,948
580,912
618,933
503,947
623,965
692,999
581,957
662,917
622,909
520,969
527,963
659,920
513,927
583,943
598,900
657,944
511,955
616,910
682,924
640,921
662,917
699,976
568,978
695,923
603,974
500,941
623,921
684,946
647,961
532,955
563,999
535,946
503,949
597,949
559,980
643,948
589,929
636,930
552,984
529,922
524,911
643,919
502,988
548,900
685,985
572,935
555,995
679,998
691,973
590,974
558,977
696,936
612,974
500,934
594,946
663,992
669,907
600,980
669,912
536,931
505,956
694,957
538,928
518,981
516,913
619,980
687,931
669,963
603,960
505,984
552,928
682,994
551,922
638,990
515,990
661,906
675,907
643,926
639,956
696,970
656,993
541,921
584,951
564,907
510,943
514,947
579,969
670,921
690,947
634,974
577,987
642,999
588,934
673,986
572,904
604,951
531,990
563,947
509,921
620,992
621,982
524,924
668,900
673,986
642,979
517,920
644,981
528,904
662,902
553,946
508,940
571,965
655,971
612,961
573,904
666,968
690,908
593,946
651,976
613,930
682,921
566,996
522,931
573,978
573,979
628,936
603,974
504,982
643,959
554,909
628,975
513,912
694,919
629,988
647,942
655,948
526,915
553,902
642,969
564,999
554,998
524,985
565,982
575,994
661,927
666,988
600,980
617,953
653,901
613,910
560,920
613,957
518,993
538,942
521,919
595,959
532,939
504,929
680,959
561,932
533,910
552,983
674,909
570,924
699,978
693,926
629,918
620,967
652,953
513,922
672,943
696,976
521,936
678,933
687,989
628,916
696,945
517,928
532,908
655,937
590,983
506,997
620,972
639,999
655,963
501,973
566,903
506,934
664,917
657,955
694,947
575,923
600,938
584,988
634,910
649,987
677,950
564,945
679,905
626,910
517,990
693,900
638,964
600,943
525,956
664,918
559,924
519,980
568,955
565,976
559,987
671,976
521,941
689,994
630,912
544,952
668,951
649,953
553,904
666,934
627,964
689,916
506,978
637,988
693,935
578,981
584,934
682,964
557,990
690,942
517,980
629,960
605,993
540,930
513,962
528,968
650,992
694,946
604,905
550,964
599,930
622,935
526,976
641,947
617,976
500,950
611,917
697,951
577,992
645,994
618,904
627,975
666,969
676,961
683,941
562,911
641,976
590,997
621,996
500,958
691,918
555,955
649,918
515,963
510,987
694,924
676,918
541,922
637,959
570,948
514,988
554,914
559,975
545,961
663,991
658,991
543,996
626,920
538,953
609,911
585,925
660,990
665,933
565,994
549,946
605,933
626,961
515,962
585,917
637,996
590,956
664,956
583,900
505,993
699,976
531,966
671,946
610,948
639,961
538,918
612,945
517,912
581,964
536,989
594,916
672,901
517,988
563,951
578,902
534,906
668,966
570,967
601,982
595,964
696,965
514,992
694,931
600,903
501,990
647,947
509,978
531,996
623,915
501,968
622,947
587,985
540,986
517,953
504,985
597,964
579,955
693,955
619,903
616,929
631,944
502,999
558,991
644,931
684,956
574,915
553,983
503,997
671,972
677,917
579,982
520,906
546,903
592,973
502,966
553,918
573,996
523,940
572,938
506,920
663,901
530,969
615,900
571,916
624,945
534,993
531,950
642,975
671,990
678,954
549,940
631,935
550,953
686,944
546,941
646,903
539,912
521,954
581,905
657,911
567,948
665,960
644,920
502,911
611,973
636,986
690,994
559,935
535,959
558,929
638,924
650,932
598,963
699,939
513,921
590,968
518,908
501,977
514,906
649,957
615,977
501,901
675,908
644,945
621,921
588,957
626,904
629,981
567,987
674,965
586,902
592,930
648,923
541,938
626,956
635,926
582,915
631,965
618,950
546,965
642,956
642,953
609,904
540,980
595,961
610,901
548,987
564,963
627,975
619,957
583,932
661,908
573,931
534,990
581,994
687,900
650,970
598,946
564,998
551,981
695,915
578,911
638,965
613,949
618,967
613,975
589,909
673,985
573,970
544,972
624,947
505,913
636,954
576,946
552,974
668,937
625,956
555,965
558,978
637,902
533,984
610,992
571,908
502,984
697,969
546,958
691,912
567,905
501,910
634,931
565,921
599,916
625,930
679,960
681,936
558,910
521,984
520,922
565,944
663,950
655,976
554,932
554,971
521,919
684,900
501,975
637,950
677,938
601,900
544,970
525,969
603,904
523,903
541,981
541,908
598,942
659,995
533,930
604,993
505,970
628,924
569,987
595,932
627,932
562,952
559,927
665,995
637,947
668,900
669,990
683,966
571,957
586,953
680,978
693,970
606,998
508,914
530,983
664,961
588,926
504,927
540,919
502,919
543,952
520,915
662,910
520,989
615,978
585,995
547,958
625,976
563,949
601,964
664,982
519,949
583,953
546,977
567,916
678,953
658,923
576,957
657,999
502,908
520,948
543,999
618,994
697,947
529,980
512,976
578,927
592,937
635,989
516,946
684,924
544,962
651,925
615,915
631,992
631,984
687,969
586,924
534,964
693,996
675,985
642,937
597,924
627,937
543,916
586,972
650,959
677,940
660,973
694,999
512,912
539,922
615,922
651,975
569,947
523,945
648,953
517,918
597,919
677,999
694,902
555,926
536,947
644,900
669,949
598,998
549,902
621,990
651,916
687,999
558,976
516,980
680,946
556,998
698,991
569,999
540,917
587,961
582,954
620,901
544,944
535,968
518,980
607,973
579,964
519,901
671,936
561,943
541,902
694,915
602,971
597,953
514,965
598,995
695,936
656,990
514,927
688,947
592,925
596,957
671,979
560,989
637,973
699,932
552,967
658,940
578,984
686,963
598,949
686,918
600,912
595,979
504,935
608,989
648,982
536,925
580,997
567,942
627,931
566,944
636,947
688,977
505,928
587,977
549,949
621,922
639,971
635,938
515,990
667,929
638,993
550,986
679,924
655,905
572,922
680,927
632,991
510,987
559,958
538,981
561,943
578,958
628,992
553,914
660,940
551,966
596,961
515,932
666,913
556,904
543,908
587,968
646,991
559,937
549,915
566,914
591,932
523,914
552,901
563,985
640,928
610,981
504,925
695,912
598,959
531,992
578,922
653,901
660,913
650,979
508,966
640,911
525,909
651,924
518,944
640,925
685,984
657,969
605,971
616,934
594,921
526,918
554,998
502,939
594,952
504,943
532,976
676,962
598,940
665,901
557,988
681,905
529,938
615,905
570,967
597,997
576,975
588,918
517,943
510,939
604,911
520,968
666,901
589,911
668,977
517,985
672,950
525,909
643,968
612,926
505,915
528,940
663,983
520,936
655,920
545,979
650,908
595,948
646,912
603,963
528,991
592,933
544,944
620,987
522,961
534,952
619,938
500,922
619,992
596,966
528,967
561,972
693,900
601,907
682,935
598,931
683,935
542,918
678,962
536,924
613,909
620,913
536,985
687,925
544,956
519,920
537,928
639,996
561,940
506,901
503,925
518,997
567,930
573,965
607,973
536,934
697,923
509,919
660,964
667,978
621,990
631,923
659,927
676,959
648,960
546,940
641,959
624,903
611,974
578,905
542,947
587,985
525,978
540,945
587,901
609,916
510,934
574,931
613,947
530,977
679,968
648,939
569,957
601,969
565,976
525,953
671,912
635,945
695,976
697,939
566,921
500,953
593,959
600,973
697,950
608,987
512,984
505,992
696,926
506,929
666,924
692,919
514,924
512,953
589,943
611,967
619,957
621,987
670,986
533,921
652,915
513,977
597,992
696,974
595,931
577,902
662,959
551,937
522,973
510,915
553,939
604,967
699,979
681,927
500,936
577,984
600,998
529,952
683,919
661,963
501,989
687,976
674,998
502,920
527,905
593,926
528,909
589,944
505,956
590,946
600,900
577,925
610,925
567,910
576,938
523,989
645,991
644,927
523,960
664,941
644,980
668,916
537,939
618,975
546,937
697,958
686,941
532,904
530,904
556,957
545,901
561,912
642,944
552,961
696,933
504,940
621,938
696,926
609,958
677,952
655,955
658,926
571,918
550,949
661,964
685,940
580,990
532,922
533,944
607,975
568,954
526,955
644,912
664,997
570,949
537,940
550,967
574,979
507,927
663,947
681,918
692,901
698,900
645,957
667,969
558,949
669,926
604,978
580,945
598,997
671,993
651,969
650,902
567,978
583,984
686,963
627,954
607,970
503,939
584,962
648,999
607,964
604,948
572,933
687,946
632,966
669,933
502,938
537,954
608,982
566,913
528,984
512,946
545,967
590,961
580,957
516,964
564,937
627,980
652,986
558,964
521,988
561,971
599,963
671,979
599,959
598,979
549,988
611,994
547,938
605,919
533,939
591,909
653,991
655,924
547,976
527,991
613,987
568,981
528,931
552,937
697,911
539,928
574,936
579,988
669,914
549,943
587,907
556,994
563,946
540,941
570,967
515,989
661,949
563,951
647,988
534,941
699,926
565,964
553,992
629,998
529,998
539,947
553,911
602,910
553,928
592,979
633,931
536,936
691,968
557,954
636,958
688,948
669,956
610,949
670,964
562,984
692,969
613,958
579,927
610,927
610,915
542,941
683,956
645,910
521,919
628,934
692,970
517,959
613,921
659,921
505,976
639,938
516,920
586,968
675,958
594,964
648,902
569,965
584,974
538,985
523,951
507,926
582,928
518,955
615,938
699,946
640,958
505,947
643,916
560,916
685,955
587,979
562,989
563,938
655,919
608,958
642,915
607,999
534,997
596,957
613,968
507,991
526,967
572,983
540,977
682,991
512,972
582,996
537,997
649,930
654,907
639,900
665,904
507,919
592,911
526,902
625,903
698,920
588,928
638,912
691,988
546,962
587,935
516,948
598,909
557,955
614,940
563,937
534,929
684,946
606,914
670,957
633,960
619,918
589,907
566,940
637,933
654,932
595,947
515,941
615,936
639,957
529,942
657,944
513,912
692,947
688,923
536,947
510,913
696,940
638,997
612,971
670,955
525,917
647,908
576,959
559,905
541,922
688,910
596,974
606,911
601,939
504,911
598,915
599,948
625,986
649,945
595,997
574,938
648,952
501,970
510,976
602,977
520,909
661,998
555,915
624,965
672,956
625,923
549,905
541,936
617,993
657,989
532,914
614,918
691,921
640,905
527,906
675,984
617,917
534,921
556,955
699,965
696,943
522,913
627,967
557,938
698,964
571,929
502,959
583,917
560,905
587,911
677,968
670,999
675,965
594,988
672,993
654,952
570,968
617,902
568,991
576,933
646,914
591,920
585,974
687,999
503,970
686,933
540,988
697,923
610,907
668,955
680,963
617,936
533,967
580,972
626,964
612,973
592,944
664,992
628,993
692,958
670,967
519,915
559,911
582,999
528,963
502,910
555,980
689,948
646,914
674,971
633,954
594,956
661,935
597,990
675,961
513,927
519,962
581,971
633,953
629,957
698,985
602,976
630,924
659,905
527,904
557,957
514,916
649,932
669,979
613,947
644,966
655,908
672,989
604,991
553,967
616,975
567,939
514,940
588,936
572,910
532,981
526,954
650,924
625,931
667,920
569,972
650,908
508,936
624,931
528,958
695,938
658,972
638,916
566,916
520,946
546,974
586,971
620,944
693,932
673,914
535,931
608,975
584,986
684,959
502,926
523,904
551,907
502,922
581,970
648,918
624,923
637,962
665,953
562,978
625,951
679,954
627,909
676,905
536,911
613,950
667,992
666,982
525,909
687,995
606,975
649,972
552,956
558,962
531,950
560,910
679,961
536,934
665,903
677,919
674,945
581,940
576,986
659,965
565,952
548,922
686,913
543,943
617,948
642,987
513,946
555,964
693,941
681,979
688,957
687,980
567,965
623,977
686,981
606,973
656,902
666,985
621,986
524,994
641,947
662,991
536,928
518,918
533,930
669,908
640,987
615,970
565,954
667,909
613,970
631,921
558,913
576,932
562,946
589,963
655,997
696,920
610,953
597,917
549,905
602,911
619,975
508,937
619,911
520,996
542,996
557,994
593,964
519,920
580,964
579,972
652,913
644,981
555,940
517,911
694,991
612,950
572,999
518,961
562,992
516,942
676,906
623,947
682,933
649,978
682,908
659,961
587,983
595,938
588,985
627,917
682,992
586,992
639,972
508,950
635,973
602,952
552,933
661,929
638,992
683,995
687,958
654,934
628,992
640,936
554,907
597,905
607,952
549,956
544,923
514,956
659,938
684,922
593,997
517,935
501,925
607,942
540,940
638,952
657,979
547,947
605,909
567,911
602,934
687,997
647,992
654,920
665,997
617,943
518,936
524,978
527,976
632,906
687,988
565,930
622,907
668,940
540,977
544,973
557,928
635,901
632,951
691,941
566,918
643,936
596,959
624,987
627,915
594,957
688,927
558,972
535,968
511,978
579,991
650,998
676,984
596,921
657,958
640,968
688,997
690,913
557,927
545,940
656,937
613,941
694,987
641,926
528,906
556,942
600,968
619,943
699,972
530,924
22,48
66,35
22,85
5,116
24,117
58,8
25,162
46,186
31,73
14,129
25,147
11,150
59,66
25,60
29,120
37,145
63,27
60,39
76,182
81,81
19,110
74,28
9,144
37,152
63,86
76,185
8,4
90,105
11,10
96,165
94,48
15,47
72,137
22,171
65,93
37,88
38,118
76,148
84,191
24,101
9,120
80,151
7,15
63,165
75,37
8,180
55,162
41,120
93,115
19,2
99,86
56,62
2,63
58,159
12,177
99,120
66,74
21,196
75,28
94,53
65,125
39,185
9,92
96,85
45,90
45,87
89,67
69,44
2,113
11,137
13,128
7,101
77,109
56,86
31,15
53,85
78,99
99,187
29,26
57,172
39,184
79,56
49,8
48,15
6,146
59,189
74,101
17,16
14,171
29,196
23,18
68,124
61,13
25,196
19,128
40,130
30,161
61,145
41,25
23,162
87,49
28,58
64,134
32,51
80,162
4,174
40,158
13,162
3,180
97,147
96,7
64,77
87,117
1,190
38,105
35,198
79,85
22,165
75,30
12,184
60,161
41,50
34,83
10,172
47,65
98,76
98,23
41,9
93,30
5,60
7,82
2,129
50,100
41,116
97,1
22,19
64,96
84,1
68,71
70,198
38,8
80,144
13,57
88,155
63,157
34,140
26,69
15,70
9,178
16,48
6,153
19,61
25,62
83,159
95,186
48,96
83,15
66,111
36,129
72,183
94,78
84,76
22,130
61,117
36,155
69,25
86,32
43,56
97,98
29,79
56,77
25,128
48,191
76,61
53,57
69,58
39,193
88,157
32,12
69,63
32,175
2,93
77,10
54,160
5,4
30,44
6,31
16,12
65,22
70,176
47,176
55,140
99,71
51,153
92,117
76,167
1,98
6,178
38,124
75,180
85,13
97,31
65,77
6,2
85,108
29,163
29,102
23,149
53,39
97,2
52,139
29,170
52,162
97,34
46,172
77,50
91,112
69,123
94,137
9,44
33,149
47,123
93,146
20,164
98,39
60,144
9,132
1,168
29,88
82,42
10,48
75,159
87,17
49,168
96,31
44,161
7,178
63,79
4,181
13,84
27,113
80,115
73,43
39,125
61,41
41,60
22,130
59,138
89,187
72,95
38,125
55,101
89,46
1,151
95,156
76,126
22,158
40,177
59,84
36,44
44,39
39,126
21,129
44,85
27,106
5,73
5,41
33,27
90,151
50,179
11,61
10,190
78,120
15,10
90,169
25,181
44,11
61,1
88,168
46,50
26,190
53,122
72,199
80,59
14,31
61,197
51,140
74,60
52,36
56,40
47,182
99,123
25,105
80,173
69,131
90,160
16,173
15,179
12,31
94,74
48,184
72,160
64,162
60,55
35,135
95,40
22,111
60,95
4,49
38,106
15,48
28,11
71,119
39,8
11,23
73,140
81,168
55,113
47,129
74,144
46,184
76,155
10,21
85,135
27,158
54,136
51,135
98,81
63,93
25,156
26,26
49,19
45,122
90,24
80,46
55,96
58,83
6,193
23,84
28,108
74,193
70,26
75,89
1,29
52,90
35,177
59,4
48,98
75,156
68,47
80,133
10,86
44,109
38,165
27,56
34,179
89,72
5,158
73,21
94,13
93,198
40,86
55,38
74,195
12,183
9,59
87,94
86,151
49,19
77,66
5,6
89,126
33,23
42,192
62,52
33,75
70,24
86,67
31,177
16,194
4,3
14,24
68,25
54,99
88,186
12,116
44,91
92,111
58,1
45,158
65,150
9,174
60,162
89,47
24,143
78,141
61,36
39,24
47,185
23,58
69,8
62,45
49,184
49,100
20,138
89,6
2,20
34,63
14,121
50,95
66,82
44,184
15,107
95,130
66,13
84,88
39,143
68,32
81,154
89,125
97,61
24,8
4,45
42,21
66,86
97,94
88,166
58,172
8,81
69,128
64,184
70,32
57,13
91,89
20,191
20,10
53,44
61,7
69,76
15,33
74,147
56,49
42,47
29,95
13,144
75,91
84,135
49,26
90,143
45,102
53,184
90,132
6,17
85,115
21,71
35,23
74,170
41,45
51,157
70,173
74,137
26,9
8,19
37,51
39,166
49,113
86,149
90,45
41,29
90,65
8,187
59,131
66,114
72,65
89,67
54,9
74,143
37,55
4,128
35,140
82,64
10,60
84,106
69,143
33,153
40,6
21,118
29,48
25,5
22,50
77,79
95,169
19,117
43,118
22,158
1,35
50,63
28,164
32,8
86,183
3,49
55,155
39,87
85,190
35,156
74,10
13,89
62,41
62,171
54,172
87,118
29,89
22,181
26,165
24,116
74,51
94,165
27,102
98,83
34,140
51,43
29,186
14,82
4,113
41,109
24,102
45,100
74,27
47,29
5,9
73,31
41,176
80,7
48,146
85,154
13,115
81,19
9,63
1,90
15,126
43,11
53,177
3,93
85,146
93,47
21,183
58,164
89,7
88,35
81,108
55,146
96,106
96,90
7,31
95,191
17,64
1,62
11,178
24,49
72,176
23,11
98,109
75,72
60,124
56,34
39,171
78,94
27,57
69,134
56,95
46,162
63,196
3,44
81,170
30,193
93,181
80,171
50,169
33,30
5,10
10,113
1,186
9,59
60,93
28,177
18,44
74,183
79,172
37,62
46,126
30,196
73,117
26,56
41,5
65,60
81,65
67,171
43,19
78,22
47,2
47,106
2,52
57,188
13,162
58,133
72,199
82,185
40,39
74,108
61,45
64,10
78,80
66,2
8,144
16,21
35,167
52,48
9,150
22,69
23,54
78,19
44,56
73,7
89,153
72,190
39,98
50,77
51,149
21,51
82,107
89,142
90,146
59,187
98,134
75,127
85,94
80,104
8,40
24,145
76,124
93,129
62,185
54,192
5,45
95,33
18,11
82,161
60,102
32,38
79,123
53,176
28,180
62,140
49,2
21,90
28,34
63,106
42,31
34,42
79,27
13,178
58,72
76,31
38,83
65,165
31,178
93,95
87,6
3,22
89,173
77,144
84,180
1,110
86,196
10,146
78,118
78,152
6,19
83,23
73,153
1,155
44,159
40,30
94,52
49,22
9,94
10,93
61,140
98,34
8,69
29,190
11,21
38,11
9,140
77,117
98,177
53,39
85,41
66,45
78,32
40,77
97,177
47,121
42,70
14,13
55,97
53,197
61,83
55,3
69,187
75,41
75,44
79,162
98,68
25,30
5,184
39,121
32,146
63,173
89,65
95,31
66,80
73,157
89,117
13,41
81,119
22,161
77,152
55,105
12,174
28,48
30,14
5,66
65,98
31,173
88,160
28,161
49,102
44,108
47,70
44,198
94,104
15,23
91,142
91,57
87,43
41,139
87,87
83,41
60,35
8,85
8,192
4,63
87,119
49,57
26,139
84,78
95,170
46,140
42,70
64,35
88,15
12,176
96,75
21,70
34,35
38,32
89,99
24,128
69,198
89,164
27,142
52,13
24,104
71,36
44,46
78,154
69,54
22,161
90,46
8,12
33,78
88,56
68,80
17,79
45,5
93,165
58,133
49,129
7,196
6,128
82,110
49,156
93,157
59,183
80,9
41,138
29,120
2,141
5,199
88,13
4,134
61,52
55,74
93,56
20,51
43,79
11,163
16,168
78,20
21,19
36,105
21,173
48,19
82,72
52,43
93,98
82,106
19,197
24,148
69,79
75,21
96,175
82,152
71,137
63,142
39,184
94,54
60,170
16,105
97,149
49,21
31,124
93,193
14,139
15,133
6,156
32,119
74,173
97,93
27,91
96,195
28,40
94,45
33,54
34,9
17,158
31,127
69,91
81,117
24,197
19,16
85,172
31,164
67,189
84,158
96,66
62,32
64,139
32,81
34,195
75,134
59,179
66,146
94,61
99,178
97,160
85,62
65,46
59,177
72,38
98,5
4,75
14,147
82,37
46,168
73,53
12,183
83,58
30,103
76,55
22,47
14,9
70,133
36,94
36,36
35,21
52,153
18,131
49,193
5,133
28,167
91,52
60,132
89,114
85,172
73,194
65,195
74,94
6,57
98,36
22,166
18,170
64,23
15,116
96,140
89,186
50,78
2,120
59,51
54,115
1,35
52,103
53,190
13,164
95,44
69,54
55,103
98,138
40,6
61,104
39,84
5,57
29,186
53,73
67,182
84,81
91,80
33,148
86,29
34,45
38,155
6,101
19,80
85,133
67,5
27,131
52,115
35,113
5,58
26,43
82,66
98,157
80,67
63,140
56,120
79,162
71,21
62,63
18,84
61,115
53,9
13,20
74,26
97,87
54,180
44,165
99,108
39,126
91,23
17,79
70,129
10,126
40,9
69,160
1,150
56,31
67,125
18,44
95,72
3,171
19,57
19,117
75,15
96,174
61,7
15,146
11,59
25,151
98,42
34,17
85,118
39,107
22,63
23,58
82,189
22,173
66,148
13,92
33,56
71,104
79,106
71,159
10,189
93,140
24,69
73,158
32,25
36,190
75,57
95,62
14,50
91,121
72,68
33,40
86,197
54,1
53,103
69,59
60,65
26,8
68,178
62,179
17,156
79,136
57,56
31,26
50,178
37,112
32,24
45,149
83,73
33,150
97,169
54,60
41,129
53,59
26,170
17,146
56,149
70,48
22,147
8,159
31,110
25,18
86,111
15,181
87,8
23,197
51,29
59,48
77,15
44,19
29,172
96,60
33,136
77,168
25,45
75,36
84,6
37,33
90,57
76,53
69,93
27,169
11,162
53,27
15,76
45,107
69,108
32,162
64,150
56,22
23,9
62,160
76,113
72,83
86,12
22,72
37,111
12,133
2,62
10,8
31,179
37,167
45,18
79,97
83,167
90,198
6,37
12,192
76,79
71,75
20,195
16,20
80,113
21,114
64,136
5,165
59,142
31,43
32,21
98,116
55,14
64,2
43,89
42,17
49,108
64,197
67,186
39,83
46,34
4,62
67,67
43,28
50,13
75,6
74,141
56,140
12,109
55,130
63,171
29,67
73,178
53,76
99,67
53,42
40,178
68,63
52,14
2,124
46,13
97,36
12,171
58,66
9,69
50,26
60,63
19,92
82,103
5,172
61,19
91,102
44,136
70,10
91,73
5,81
89,123
61,143
22,188
95,127
21,154
97,57
11,99
61,182
37,40
82,44
79,160
78,177
73,162
16,109
83,179
18,169
55,122
63,152
92,127
31,102
45,168
70,163
36,5
71,40
11,56
89,37
1,45
64,24
43,198
92,54
65,63
73,101
98,67
40,124
14,196
99,171
40,10
59,142
72,166
9,97
14,137
54,46
43,3
96,24
72,147
27,33
49,55
16,73
43,37
6,37
7,146
34,29
90,68
97,193
77,174
97,89
33,51
21,114
85,133
12,22
7,199
68,2
92,144
77,66
80,116
18,111
59,184
25,37
89,76
2,104
54,194
50,79
99,59
81,86
73,148
47,5
63,6
91,190
82,83
69,189
6,36
64,189
5,150
91,42
49,10
41,90
4,1
35,122
82,79
23,109
50,66
82,38
11,101
33,76
55,140
12,78
65,52
76,164
15,127
93,25
43,33
30,91
6,59
57,193
5,96
6,186
21,152
11,47
66,181
45,190
32,109
74,138
46,93
66,52
19,113
54,16
61,103
53,101
13,55
70,156
88,24
59,183
27,119
25,57
16,27
77,192
82,163
52,46
70,138
91,124
54,140
15,51
1,16
5,169
87,76
13,182
20,19
13,72
64,158
35,66
67,73
84,177
19,160
64,87
37,59
39,83
30,40
14,180
74,106
56,30
45,40
63,27
45,38
43,41
11,45
10,191
25,42
56,45
9,1
73,163
68,104
44,91
31,62
92,128
48,198
56,1
37,178
28,144
82,57
52,45
83,73
43,44
82,11
78,111
12,29
31,30
91,39
23,46
31,145
20,3
4,6
46,116
50,167
52,66
72,126
62,7
28,54
44,164
55,139
10,180
47,94
58,196
50,128
39,109
44,32
49,50
24,177
6,123
33,103
52,17
40,86
48,72
18,154
52,109
21,43
91,51
83,53
35,70
24,178
89,85
93,40
93,70
4,1
20,117
51,138
77,186
88,128
84,109
98,193
83,184
1,17
78,88
51,124
24,157
94,18
19,45
7,75
33,68
87,149
75,35
62,163
93,56
18,5
21,64
36,186
89,25
53,112
93,34
83,97
22,102
17,41
57,10
36,106
43,169
29,81
80,191
15,129
93,161
68,96
81,161
6,133
53,34
1,59
15,75
81,184
27,190
31,189
82,71
7,78
43,174
80,91
7,73
82,39
33,121
84,117
94,157
99,67
5,63
75,41
76,157
99,133
40,90
88,191
8,174
84,84
81,170
2,10
60,175
11,167
87,105
14,80
38,43
58,142
60,146
98,120
4,149
68,171
84,53
7,50
96,144
75,178
36,186
96,148
75,96
94,151
41,154
18,111
20,193
31,182
90,88
75,110
70,60
26,24
55,153
55,176
99,161
43,50
42,105
77,104
34,70
81,115
90,154
19,107
73,177
57,70
10,89
19,104
76,102
84,158
90,194
51,180
16,91
54,137
48,21
46,8
8,165
98,51
88,59
67,48
86,2
77,193
94,39
98,42
60,5
24,100
67,44
1,105
83,59
55,198
91,49
11,20
32,117
6,51
96,153
33,161
50,20
62,134
21,42
20,144
25,185
2,181
27,40
42,115
91,83
59,128
7,183
19,84
95,25
68,189
71,185
24,133
38,81
75,16
36,9
14,179
99,156
95,148
22,29
38,33
20,145
73,25
48,5
21,125
60,85
65,50
76,129
29,168
98,133
54,93
42,83
69,190
18,197
65,19
86,69
70,123
97,123
43,111
48,43
53,100
10,184
12,109
16,10
84,104
89,78
19,198
21,129
76,69
28,66
43,184
33,172
78,137
94,168
22,102
95,180
54,92
13,143
13,166
94,175
67,173
24,71
5,33
67,66
5,181
20,163
51,171
78,101
8,191
35,128
67,21
34,116
98,66
21,1
39,23
3,16
15,12
44,74
24,109
59,48
98,41
85,151
37,42
89,17
95,107
33,29
63,69
98,72
57,67
87,154
32,15
25,135
63,124
26,59
42,147
49,102
3,33
99,15
40,48
54,172
71,1
57,2
63,142
63,150
85,65
12,154
26,191
76,175
20,195
4,61
93,113
79,11
11,191
28,177
80,145
79,62
89,116
17,60
64,4
22,144
34,61
5,143
6,148
64,82
51,53
17,77
12,116
21,45
40,18
55,69
74,140
16,17
86,114
78,126
99,96
91,199
85,29
90,140
81,106
67,31
4,74
89,24
85,152
43,146
29,162
44,138
74,100
1,50
56,9
98,109
62,13
41,115
17,124
19,187
86,44
50,196
48,55
30,137
46,93
3,165
62,144
19,116
31,9
36,153
59,153
92,35
48,16
45,111
82,123
13,137
12,75
99,175
42,117
55,25
74,133
62,142
21,126
69,137
86,69
78,43
49,80
18,19
28,5
62,32
30,132
36,93
52,82
77,55
26,72
43,169
31,80
27,39
51,140
83,97
84,63
70,159
33,182
89,98
45,132
37,5
34,128
90,100
88,195
13,135
41,33
5,81
20,101
15,129
69,161
4,72
14,153
80,107
47,56
18,107
34,77
33,153
57,164
31,81
82,126
9,103
69,75
89,99
67,111
46,24
83,34
10,182
71,141
77,157
63,85
69,5
65,155
81,152
39,18
12,32
11,144
76,50
7,147
6,47
32,24
58,162
42,40
24,109
49,173
30,191
19,77
58,52
19,96
63,36
5,86
58,61
15,109
96,145
47,40
74,131
39,36
52,141
6,132
46,58
55,95
28,95
75,152
57,41
79,52
12,61
3,142
57,74
75,151
4,154
10,186
4,97
37,176
49,102
52,4
5,172
46,55
27,11
91,78
35,169
54,76
39,10
68,129
75,120
18,6
95,17
74,135
90,30
80,96
92,160
92,9
43,4
96,166
26,26
36,58
22,172
24,30
93,154
4,12
10,178
37,186
67,60
53,55
44,6
41,115
54,95
27,146
27,20
86,5
59,126
11,167
92,97
9,162
35,62
97,74
50,199
51,24
76,74
79,99
36,197
38,112
83,76
15,77
70,175
16,171
23,189
15,42
87,128
67,118
41,54
55,73
76,195
77,138
18,34
32,19
79,27
98,67
68,54
74,198
99,124
43,93
20,29
13,14
41,71
15,14
34,116
65,32
80,178
35,177
45,69
70,22
26,162
39,59
28,190
8,175
29,85
55,82
33,94
52,94
52,75
72,149
35,59
78,95
3,152
70,194
95,84
8,88
91,177
76,104
30,143
46,106
72,158
49,37
22,15
84,20
69,14
34,180
42,119
28,23
11,153
14,75
57,34
98,127
11,52
56,53
30,198
31,151
71,86
52,5
47,197
25,130
4,108
64,137
35,28
59,145
85,136
48,25
50,38
64,196
6,121
18,129
39,56
5,10
53,72
60,180
15,73
32,112
65,10
21,88
2,113
95,159
46,119
21,94
34,159
26,155
91,82
72,128
11,63
40,38
13,47
99,166
51,189
11,178
32,124
96,63
96,61
21,177
91,171
64,162
51,23
81,183
3,44
13,55
66,96
86,29
20,177
21,75
99,164
46,114
29,189
92,17
11,125
94,29
68,53
49,167
75,83
90,140
37,32
48,21
24,99
47,36
50,40
12,89
41,72
55,156
49,106
14,53
86,181
85,8
69,105
63,184
9,150
96,175
38,137
59,185
75,61
73,43
42,27
33,62
45,101
67,134
86,12
89,86
36,44
35,72
50,191
10,160
79,159
69,193
93,126
85,149
70,56
91,96
77,19
90,177
38,40
34,55
1,7
21,162
99,17
42,95
71,88
41,92
86,193
71,164
58,84
30,197
36,121
51,72
90,95
18,53
4,30
52,140
7,139
47,31
27,104
75,164
73,118
3,56
54,152
51,86
9,121
94,194
17,196
99,103
97,101
93,96
