15 13
53 23 -7 -21 8 -14 14 64 1 14 57 69 32
-22 -22 42 30 -3 -13 -17 34 13 -28 0 41 2
5 67 59 45 59 22 30 -25 49 17 55 67 9
38 59 -18 59 -28 -27 60 54 30 8 65 1 10
-3 9 14 43 66 69 -24 -23 11 47 47 13 59
-29 32 -16 2 60 1 45 10 59 45 -2 -15 48
26 -23 53 2 24 -6 63 64 21 22 -16 -13 -1
7 8 6 19 25 61 -5 7 21 -26 64 38 -24
57 -8 -17 10 2 13 55 31 31 35 6 47 -16
7 -28 48 17 -2 2 -14 17 26 -11 61 -4 12
58 -18 18 -25 69 67 35 9 66 65 42 56 24
13 1 -13 -15 -1 -22 41 44 -15 -1 22 23 24
50 68 28 0 -27 20 -9 44 -4 30 27 60 17
-23 23 -5 3 -8 64 -15 53 7 -2 11 33 58
-20 44 -30 38 59 4 -25 65 44 -5 27 64 64
18 6 23 24 23 11 30 9 21 2 6 15 4
24 5 29 5 5 7 19 23 29 30 18 19 4
1 3 18 23 23 3 1 13 7 4 21 13 24
23 14 17 29 24 23 8 6 2 22 30 9 18
4 7 29 22 16 17 16 28 17 22 13 25 5
27 4 2 23 3 18 2 13 7 30 30 2 10
11 8 5 2 18 16 12 9 6 1 1 12 22
15 4 9 20 17 28 21 28 1 1 7 8 14
24 1 8 19 9 27 3 8 25 19 19 13 30
12 8 23 17 29 13 22 28 1 26 26 3 5
19 27 9 12 17 2 18 26 1 8 14 26 7
15 4 26 13 12 26 17 17 9 6 21 15 6
16 18 16 27 3 10 14 28 11 1 13 4 7
7 24 4 26 15 2 9 21 17 22 21 28 8
9 2 30 4 11 14 23 3 13 3 21 13 8
24 15 19 12 11 25 18 23 11 9 3 3 5
15 30 26 2 20 18 19 4 8 27 7 4 16 12
6 26 19 17 17 27 20 29 27 8 30 18 20 14
10 3 11 9 13 21 5 19 8 28 14 13 25 14
17 3 26 14 30 18 17 11 6 18 9 25 19 13
25 3 7 30 4 22 18 4 27 25 13 17 26 23
10 15 1 3 10 22 23 22 27 29 28 24 2 24
17 20 25 7 17 8 2 26 25 18 16 29 3 30
2 7 17 1 26 25 27 21 2 5 1 25 6 28
6 5 17 13 4 24 24 4 2 11 11 21 28 25
6 21 21 29 2 14 5 21 12 30 22 29 5 13
24 21 16 7 5 8 24 22 14 19 11 27 10 28
27 5 9 22 29 27 25 18 10 19 12 27 12 4
4 4 4 16 6 10 25 6 11 17 21 17 10 21
22 6 16 18 18 9 26 18 5 15 17 8 29 24
15 3 21 25 3 16 13 20 28 15 9 6 13 13
