13 12
83 86 35 -4 40 44 8 84 -4 37 4 22
29 19 2 0 54 74 10 5 50 36 51 24
-9 60 58 -1 11 86 -8 59 83 37 23 23
79 -3 52 36 39 39 58 87 61 89 17 72
54 58 61 82 87 4 67 23 27 82 44 -2
45 76 31 80 -10 82 55 25 60 7 48 59
58 34 46 76 -7 8 -2 30 9 63 55 73
63 4 37 2 50 31 9 45 10 38 33 21
25 14 14 17 29 -9 -8 13 36 -9 59 -7
46 23 84 47 12 46 43 14 63 36 71 14
82 24 71 11 59 84 84 -4 -5 58 82 14
15 32 42 52 37 2 6 51 0 4 40 45
59 60 18 64 31 51 15 51 86 72 28 78
36 3 34 7 1 33 29 29 21 11 38 5
10 2 18 15 10 22 36 30 9 11 32 31
11 37 21 7 14 6 34 24 31 4 16 36
5 26 40 24 26 1 21 20 37 16 14 24
23 29 35 35 35 5 27 13 34 9 37 2
40 23 2 18 24 11 21 5 25 32 33 15
30 39 1 31 9 32 31 21 12 15 40 28
10 1 23 25 26 35 20 30 11 20 32 10
30 13 7 34 10 19 20 3 36 25 2 35
15 40 37 39 9 33 6 25 1 11 29 16
1 6 18 8 27 8 38 4 17 8 1 3
22 37 12 40 22 19 35 22 3 28 24 23
14 24 7 37 25 31 14 27 35 39 35 27
19 29 26 4 23 4 18 2 14 40 21 2
15 16 8 8 27 20 22 21 14 1 13 24 7
11 10 25 3 5 25 24 17 25 13 4 3 29
1 6 22 16 13 30 11 19 17 20 9 3 12
5 25 20 26 2 9 27 12 16 26 23 21 18
20 14 18 17 3 29 26 17 28 17 11 12 13
27 5 28 5 13 13 8 15 29 23 3 16 28
10 21 1 18 8 30 26 7 16 11 25 11 4
18 9 6 22 19 7 22 22 12 8 8 8 26
4 22 21 5 24 17 9 7 14 3 16 2 29
2 23 25 10 8 27 22 19 14 27 2 4 26
8 21 13 13 20 7 24 16 13 22 30 18 24
2 2 23 21 4 1 10 1 5 28 15 28 9
11 12 7 5 4 5 29 23 22 6 21 16 17
