95 100
87 86
11 8
8 7
77 76
59 56
57 54
51 50
62 60
39 38
77 75
79 77
81 79
35 34
56 55
66 64
6 3
37 35
14 13
61 58
23 21
74 72
45 44
10 9
95 94
24 22
21 20
75 74
6 4
49 48
21 18
52 49
18 17
91 88
85 83
13 10
17 15
38 36
7 6
14 12
84 81
12 11
86 85
33 32
71 70
53 51
94 93
33 31
70 67
32 30
40 39
27 25
82 80
67 65
29 27
72 71
71 68
45 43
65 63
93 91
43 40
59 57
8 5
71 69
63 62
67 66
43 42
16 14
55 52
3 1
44 41
30 28
60 59
4 2
21 19
28 26
54 53
31 29
84 82
91 89
94 92
48 45
89 87
26 24
50 47
64 61
93 90
87 84
39 37
19 16
24 23
75 73
36 33
49 46
81 78
Q 21
Q 3
P 90
Q 28
Q 29
Q 3
Q 10
P 94
Q 5
Q 40
Q 23
Q 29
P 88
Q 36
P 89
P 86
P 92
Q 16
P 83
P 82
Q 23
Q 1
Q 11
Q 30
Q 9
Q 16
P 91
Q 7
Q 1
Q 18
Q 6
Q 29
P 93
P 80
Q 43
Q 32
Q 22
P 81
P 85
Q 43
P 79
Q 21
Q 47
Q 42
P 77
P 76
P 74
Q 32
Q 45
Q 30
Q 4
P 72
Q 39
Q 25
Q 39
Q 45
Q 44
Q 12
P 73
Q 47
Q 45
Q 44
Q 6
Q 10
Q 43
Q 26
Q 14
Q 5
P 84
P 69
Q 28
P 71
Q 16
Q 12
Q 28
Q 31
Q 19
Q 25
Q 35
Q 33
Q 31
Q 31
Q 34
Q 24
Q 2
Q 15
P 68
Q 29
Q 8
P 67
P 87
Q 26
P 64
Q 30
Q 3
P 78
P 62
Q 24
P 61
Q 44
