977 958
121 119
251 249
212 211
73 71
941 940
176 173
329 328
836 834
88 86
83 81
293 290
736 734
674 672
866 864
295 294
233 232
912 909
180 178
398 395
521 519
581 580
331 329
62 59
287 285
959 957
402 401
135 134
753 752
711 709
523 522
545 542
277 276
702 699
974 971
363 362
420 418
28 25
593 592
394 391
920 917
537 534
891 890
157 155
68 67
321 318
934 932
232 229
538 536
344 342
201 198
799 796
874 871
261 259
191 188
968 967
33 32
570 569
225 223
741 738
439 438
925 923
241 240
917 915
500 497
92 91
29 28
807 804
850 848
797 795
613 611
354 351
762 759
432 429
670 667
236 233
485 483
182 179
840 837
892 889
769 766
452 450
901 900
259 258
196 195
803 800
205 202
337 335
724 722
49 47
601 599
686 684
306 304
827 826
146 145
759 758
858 855
971 968
342 339
205 203
886 883
385 383
710 707
300 299
746 743
99 98
275 272
532 531
453 451
405 404
438 437
645 642
310 308
753 750
486 484
584 581
165 163
188 187
866 865
637 636
765 763
618 615
591 589
349 346
143 141
900 897
283 282
939 936
653 650
92 90
589 586
268 265
309 307
665 662
172 170
734 731
928 927
781 779
785 784
645 643
70 68
871 869
545 544
945 944
471 469
134 131
975 972
575 573
977 976
400 399
83 80
906 905
465 463
74 72
754 753
66 64
873 872
291 289
421 419
740 737
26 23
821 820
666 665
186 184
522 521
890 888
744 742
827 824
621 619
772 769
370 368
66 65
864 861
776 773
123 122
509 507
623 622
660 657
726 725
901 899
377 374
501 498
349 348
944 943
504 501
499 496
153 150
560 559
191 190
676 674
310 309
779 776
17 14
105 102
830 828
567 565
404 402
885 882
782 780
42 40
778 775
762 761
922 920
331 330
694 691
923 922
822 821
221 218
898 895
750 747
45 43
608 606
716 714
853 850
385 382
111 108
820 818
467 464
880 879
346 343
773 771
265 264
799 797
687 685
46 45
662 660
544 543
460 458
9 7
424 421
246 245
398 396
731 729
811 809
814 813
150 148
672 670
845 842
53 50
357 356
819 816
521 520
908 906
276 273
799 798
924 921
606 605
335 333
142 139
936 935
256 255
700 697
109 106
944 941
102 99
786 783
516 514
508 505
865 862
955 953
2 1
839 836
836 833
771 768
906 903
271 269
610 607
394 392
688 687
790 788
160 157
115 113
963 961
609 608
731 728
790 787
433 432
388 386
940 937
365 363
713 711
828 827
792 790
328 326
682 679
225 222
29 26
38 35
119 118
183 181
679 677
539 538
247 244
664 663
720 718
811 810
322 321
303 302
626 624
195 192
362 361
632 630
459 457
677 676
40 39
294 291
619 616
579 578
485 482
210 208
854 851
682 681
846 843
643 640
172 171
780 778
280 279
572 571
833 832
532 529
705 703
155 153
126 124
147 144
703 702
128 125
963 960
236 234
105 104
977 975
350 347
417 415
472 470
680 678
622 621
729 727
808 807
642 639
555 554
412 409
947 945
487 486
482 480
448 447
129 127
915 912
353 352
480 479
59 56
598 595
950 949
622 620
306 305
115 114
833 830
128 126
12 10
722 720
639 638
257 256
154 152
947 946
21 18
355 354
955 954
436 434
743 740
213 210
514 513
449 448
517 516
178 175
865 863
521 518
99 97
374 371
540 539
612 610
347 344
270 267
119 117
369 366
592 591
272 271
708 706
803 801
703 701
177 176
203 201
593 590
615 612
386 384
26 24
62 60
368 367
728 726
698 696
264 261
49 48
194 191
644 641
382 379
691 688
333 331
42 41
241 239
54 53
586 585
134 132
442 440
438 435
886 884
298 295
837 835
370 369
245 242
970 969
528 526
620 618
742 741
146 143
965 962
727 724
80 79
457 455
567 564
375 372
568 567
668 666
88 87
254 253
140 137
249 247
456 453
632 631
428 425
510 508
654 652
564 562
32 29
849 847
172 169
361 358
905 902
468 466
769 767
23 21
216 215
279 278
496 495
759 757
196 193
933 931
525 524
323 322
212 209
738 735
249 248
669 668
11 9
677 675
764 762
518 515
953 952
425 423
403 400
793 792
311 310
690 689
586 584
64 61
701 700
95 92
812 811
263 262
571 568
960 959
16 15
444 442
319 316
894 893
380 377
314 312
463 461
897 896
483 481
960 958
209 207
284 283
90 88
551 550
320 319
600 597
855 853
476 475
787 785
245 243
96 95
965 964
383 380
110 109
457 454
92 89
138 136
327 324
63 62
740 739
251 250
862 860
408 406
481 478
475 474
14 11
439 436
847 845
935 934
203 200
413 411
278 275
975 973
869 866
626 623
335 334
733 732
6 4
431 430
745 744
614 613
462 459
108 105
808 806
39 38
163 162
407 405
318 315
496 494
794 793
156 154
162 160
733 730
232 230
514 512
941 939
55 52
79 78
907 904
400 397
672 671
410 408
685 682
566 563
883 881
816 815
785 782
222 219
494 491
114 112
463 462
724 721
285 284
37 36
43 42
525 523
902 901
434 431
936 933
606 604
6 5
148 147
553 551
178 177
249 246
700 698
88 85
164 161
271 268
650 647
283 280
326 323
290 287
472 471
305 303
61 58
226 225
428 427
335 332
448 446
630 629
789 786
391 388
725 723
822 819
556 555
387 385
451 449
739 736
651 649
264 263
269 266
83 82
879 876
350 349
636 634
395 394
124 123
518 517
493 490
506 504
358 355
59 57
348 345
244 241
239 237
526 525
765 764
635 633
147 146
394 393
930 929
926 924
130 129
487 485
548 547
16 13
46 44
895 894
421 420
605 603
117 116
894 892
404 403
531 528
110 107
480 477
209 206
71 70
909 907
599 596
424 422
965 963
412 410
601 598
104 103
775 774
504 503
495 493
944 942
567 566
393 390
735 733
238 236
933 930
860 859
676 673
549 546
930 928
581 579
143 142
278 277
323 320
141 140
473 472
328 325
823 822
605 602
658 655
168 165
50 49
96 93
124 121
584 583
627 626
340 337
196 194
529 527
810 808
718 715
283 281
71 69
6 3
685 683
881 880
805 802
749 748
294 292
216 213
911 910
468 467
872 870
37 34
554 552
874 873
972 970
500 499
859 857
434 433
851 849
304 301
185 182
113 111
793 791
806 803
237 235
10 8
167 164
564 561
491 488
778 777
277 274
256 254
670 669
240 238
309 306
888 887
169 167
856 854
14 12
49 46
477 476
664 661
36 33
118 115
817 814
832 829
87 84
666 664
758 755
791 789
444 441
696 693
617 614
843 841
102 100
681 680
206 204
648 645
949 948
314 313
467 465
169 166
958 956
636 635
513 511
200 197
542 541
141 138
463 460
610 609
418 417
562 560
74 73
232 231
752 751
391 389
219 216
360 359
220 217
880 878
692 690
419 416
68 66
549 548
426 424
913 911
869 867
23 20
429 426
367 365
183 180
272 270
845 844
839 838
253 251
417 414
184 183
595 593
197 196
629 628
843 840
493 492
157 156
975 974
550 549
374 373
376 375
915 914
79 76
747 746
313 311
748 745
340 338
661 658
869 868
176 174
230 227
926 925
227 224
505 502
877 875
536 535
706 704
294 293
354 353
819 817
658 656
30 27
201 199
99 96
588 587
858 856
154 151
23 22
78 77
223 221
103 101
130 128
571 570
801 799
134 133
446 445
661 659
652 651
956 955
920 918
639 637
634 632
591 588
367 364
513 510
893 891
543 540
558 556
416 413
756 754
458 456
475 473
455 452
399 398
575 572
824 823
773 772
534 533
940 938
3 2
716 713
507 506
408 407
122 120
576 575
85 83
371 370
657 654
651 648
208 205
654 653
512 509
583 582
351 350
696 694
597 594
299 296
531 530
761 760
952 951
343 340
751 749
112 110
223 220
192 189
645 644
337 336
214 212
96 94
38 37
535 532
888 885
880 877
807 805
253 252
470 468
697 695
429 428
710 708
929 926
579 577
415 412
854 852
31 30
577 576
877 874
287 286
187 186
966 965
713 712
718 717
921 919
827 825
951 950
712 710
362 360
717 716
19 17
888 886
833 831
377 376
949 947
20 19
320 317
159 158
301 298
768 765
162 159
626 625
813 812
19 16
7 6
187 185
577 574
442 439
330 327
548 545
131 130
388 387
841 839
503 500
52 51
603 600
629 627
969 966
151 149
215 214
302 300
618 617
720 719
64 63
796 794
291 288
359 357
258 257
689 686
299 297
554 553
227 226
342 341
707 705
919 916
316 314
561 558
445 444
76 75
911 908
76 74
136 135
491 489
175 172
538 537
899 898
489 487
262 260
915 913
647 646
58 55
231 228
758 756
694 692
34 31
860 858
558 557
847 846
771 770
446 443
381 378
782 781
169 168
383 381
604 601
55 54
P 974
P 972
Q 354
Q 431
Q 280
Q 37
Q 434
Q 432
Q 9
Q 362
Q 202
Q 379
Q 466
Q 394
Q 70
Q 39
P 975
Q 445
Q 454
Q 294
P 976
P 967
P 973
Q 87
Q 119
P 969
Q 205
P 966
P 970
Q 178
Q 190
P 968
P 965
Q 410
Q 67
Q 247
Q 265
Q 51
Q 176
Q 274
Q 87
Q 31
P 964
Q 129
Q 349
Q 272
Q 391
Q 466
Q 183
Q 451
Q 30
Q 422
P 961
Q 22
Q 176
Q 373
Q 10
Q 27
Q 210
Q 337
Q 15
Q 391
P 962
Q 326
Q 488
Q 371
P 957
Q 407
Q 319
P 956
P 955
P 971
Q 270
Q 360
Q 353
Q 32
P 960
P 954
P 958
P 952
Q 192
Q 311
P 951
P 948
Q 82
Q 144
P 963
Q 239
Q 247
P 950
Q 325
P 946
P 944
P 943
P 942
Q 156
Q 373
P 945
Q 264
P 953
P 941
Q 237
Q 198
P 947
Q 358
Q 148
P 940
P 959
Q 285
Q 120
Q 142
Q 121
Q 426
Q 95
Q 476
Q 388
Q 291
Q 77
Q 233
Q 30
Q 69
Q 49
Q 22
Q 10
Q 373
P 936
P 938
P 934
P 939
Q 412
Q 355
Q 202
P 935
Q 469
P 930
Q 249
Q 263
Q 338
Q 314
Q 96
Q 198
Q 134
P 929
P 949
Q 52
Q 387
Q 431
P 933
P 932
P 928
Q 103
Q 179
P 926
P 927
Q 11
Q 465
P 925
P 921
Q 267
Q 186
Q 55
Q 109
Q 173
P 920
Q 228
P 931
P 918
Q 21
Q 429
Q 456
P 917
Q 267
Q 461
Q 106
P 919
P 915
Q 85
Q 153
P 924
P 913
P 912
P 911
Q 284
Q 418
Q 260
Q 371
Q 380
Q 341
P 916
Q 395
P 922
Q 138
P 910
P 908
Q 348
Q 50
Q 4
P 923
Q 18
P 914
Q 277
P 906
Q 269
P 909
Q 32
P 904
P 902
Q 176
Q 467
P 937
Q 466
P 903
Q 295
Q 377
Q 112
P 899
P 900
Q 299
P 905
Q 478
Q 68
P 896
Q 75
Q 154
Q 64
P 898
Q 400
P 897
Q 391
P 893
Q 112
Q 407
Q 29
Q 70
P 894
P 890
P 889
P 892
Q 36
Q 207
P 887
P 886
P 891
Q 29
P 884
Q 5
Q 445
Q 114
P 883
Q 143
P 888
Q 114
Q 19
Q 264
P 907
P 881
Q 435
Q 127
Q 416
Q 365
Q 332
Q 181
Q 172
Q 256
P 879
P 878
Q 130
Q 46
Q 3
P 895
P 901
Q 140
Q 257
P 877
Q 49
P 880
Q 480
Q 442
Q 237
P 875
Q 362
P 873
Q 333
Q 376
Q 31
P 872
Q 234
Q 313
P 870
Q 340
P 885
Q 435
P 868
P 882
Q 365
P 867
Q 287
Q 219
Q 278
Q 30
Q 91
Q 351
P 865
Q 172
Q 10
P 866
Q 42
Q 461
Q 64
Q 428
Q 229
Q 221
P 876
Q 262
P 862
P 871
Q 267
Q 323
Q 22
Q 309
P 869
Q 17
Q 286
P 874
Q 272
Q 3
Q 202
P 859
Q 460
Q 290
P 857
Q 371
Q 193
Q 13
Q 364
Q 282
P 863
Q 298
Q 448
P 864
Q 23
P 858
Q 91
P 860
Q 236
Q 477
Q 382
P 852
P 854
P 850
Q 67
P 849
Q 390
Q 409
Q 58
Q 293
P 861
Q 392
P 851
Q 184
P 856
Q 190
Q 59
P 848
Q 257
Q 124
P 847
Q 350
Q 337
Q 475
Q 52
P 846
P 855
Q 405
P 841
Q 173
Q 150
P 843
Q 250
Q 327
Q 195
Q 209
P 839
P 844
Q 11
Q 66
Q 28
P 853
Q 253
Q 306
Q 356
Q 432
P 836
P 837
Q 358
Q 179
Q 450
Q 379
Q 438
P 834
P 835
P 845
P 833
Q 411
Q 469
Q 243
Q 110
Q 169
Q 206
P 832
Q 454
P 842
P 828
Q 366
P 831
Q 182
P 827
Q 261
Q 87
Q 392
Q 236
Q 470
P 838
Q 327
Q 220
Q 48
Q 143
P 824
Q 365
Q 394
Q 384
Q 333
P 825
Q 208
Q 138
Q 32
Q 471
Q 413
Q 403
Q 266
P 822
Q 449
P 821
Q 381
Q 408
Q 227
Q 147
Q 379
P 823
Q 49
Q 429
Q 363
Q 400
Q 442
Q 202
P 819
Q 128
Q 409
Q 419
Q 420
P 826
Q 364
Q 7
Q 26
Q 251
P 817
Q 433
Q 117
Q 463
Q 291
Q 132
Q 40
Q 340
Q 33
P 820
Q 478
Q 318
Q 27
Q 321
P 830
P 840
P 815
P 816
Q 432
P 818
Q 276
Q 247
P 812
Q 253
P 810
Q 299
P 809
Q 101
P 807
Q 122
Q 277
Q 232
P 808
Q 306
Q 256
P 805
Q 186
Q 19
P 804
Q 102
P 803
P 814
Q 122
P 829
Q 135
Q 127
Q 251
Q 127
P 800
Q 467
P 799
Q 309
P 802
Q 257
Q 85
Q 442
Q 386
Q 267
Q 217
Q 126
Q 118
Q 384
Q 158
Q 256
P 806
P 797
Q 174
P 796
P 801
Q 330
Q 269
Q 339
Q 184
P 813
Q 270
P 795
Q 415
Q 360
P 792
Q 112
P 791
P 811
Q 411
Q 1
Q 122
P 789
P 788
Q 96
Q 55
P 786
Q 12
Q 291
Q 93
Q 200
Q 435
P 785
P 790
P 787
Q 443
P 798
Q 217
Q 187
P 793
Q 285
Q 325
P 780
P 794
Q 400
Q 46
Q 435
P 782
Q 82
Q 198
Q 13
Q 346
P 781
Q 429
Q 183
P 776
Q 412
Q 155
Q 445
Q 387
Q 474
P 778
P 783
P 775
Q 253
Q 199
P 772
Q 317
Q 446
Q 174
Q 127
Q 191
Q 360
Q 53
Q 83
P 771
P 777
Q 144
Q 321
Q 183
Q 123
P 770
P 768
Q 155
Q 50
P 767
Q 288
Q 308
P 784
Q 128
Q 86
Q 283
Q 66
Q 171
Q 414
Q 246
Q 328
P 779
Q 162
Q 326
Q 124
Q 204
Q 317
Q 272
P 766
Q 357
P 769
P 764
Q 292
Q 335
P 774
Q 327
P 773
Q 288
Q 437
P 762
Q 98
P 759
Q 287
Q 9
P 760
P 758
Q 472
Q 86
Q 408
Q 256
Q 56
Q 222
Q 159
Q 132
Q 315
Q 11
Q 64
P 763
Q 71
P 755
Q 411
Q 155
Q 467
Q 275
Q 243
Q 463
Q 257
Q 311
P 753
Q 100
Q 68
P 752
P 754
P 750
Q 10
Q 356
P 765
Q 161
Q 209
Q 98
P 748
Q 114
P 761
Q 30
Q 68
Q 118
P 749
P 757
Q 435
P 746
P 744
Q 271
P 742
Q 373
Q 173
Q 136
Q 236
Q 269
P 756
Q 483
Q 406
Q 467
Q 62
P 747
P 739
Q 183
Q 327
Q 35
Q 319
Q 301
Q 248
Q 411
P 738
Q 408
Q 125
Q 169
Q 297
P 737
Q 22
Q 224
Q 434
Q 186
P 743
Q 216
P 735
P 740
P 751
Q 436
Q 64
Q 157
Q 225
Q 33
Q 69
P 736
P 733
P 730
Q 385
Q 87
P 741
Q 117
P 728
Q 475
P 731
Q 358
Q 239
P 726
Q 344
Q 111
Q 35
P 729
Q 427
Q 140
P 724
P 732
Q 85
Q 185
Q 35
Q 190
P 723
Q 197
Q 272
P 722
Q 304
Q 193
Q 310
P 734
P 721
P 719
P 717
Q 6
Q 311
Q 124
Q 455
Q 360
Q 84
P 720
Q 231
P 715
Q 374
P 745
P 716
P 714
P 727
Q 334
Q 53
P 718
Q 259
Q 321
P 712
Q 87
Q 388
Q 214
Q 333
Q 15
Q 286
Q 43
Q 155
Q 193
Q 436
Q 24
P 708
P 711
P 709
Q 136
P 725
P 713
Q 252
P 707
Q 214
Q 110
Q 359
Q 126
Q 345
Q 59
Q 362
Q 58
Q 55
Q 272
P 706
Q 326
Q 428
Q 206
P 704
Q 102
Q 67
Q 195
Q 50
Q 256
P 700
Q 361
P 701
Q 330
Q 313
P 705
P 699
Q 156
Q 242
Q 3
Q 471
Q 154
P 702
Q 280
Q 149
Q 437
P 710
Q 45
Q 366
Q 310
P 697
Q 470
Q 40
Q 304
Q 442
Q 388
Q 22
P 696
P 694
Q 148
P 692
Q 345
Q 466
Q 245
Q 34
Q 298
Q 314
Q 327
P 690
P 691
Q 159
Q 2
Q 71
Q 356
Q 410
Q 252
P 689
Q 392
P 703
Q 285
Q 48
Q 271
Q 283
Q 145
Q 359
Q 360
Q 112
P 693
P 687
Q 157
P 695
Q 160
Q 197
Q 229
P 698
Q 379
Q 371
Q 109
Q 434
Q 27
Q 309
Q 264
Q 287
P 685
Q 312
P 688
Q 456
Q 215
Q 102
Q 102
P 683
Q 423
Q 9
Q 19
Q 215
Q 108
Q 61
Q 288
Q 75
P 686
Q 319
Q 301
Q 62
P 678
Q 294
P 681
Q 36
Q 125
P 676
Q 228
P 677
Q 419
Q 200
P 675
Q 172
P 673
P 682
Q 411
Q 375
Q 109
Q 487
Q 431
Q 84
P 679
Q 119
P 671
Q 322
P 684
Q 7
Q 455
P 669
Q 467
P 680
Q 473
Q 158
Q 446
