2
0
310
270
345
462
269
271
474
306
382
297
253
291
444
460
0
264
259
338
0
2
0
436
422
1
379
0
0
391
385
0
0
277
442
359
348
448
392
345
432
460
0
414
309
345
288
249
388
256
461
271
1
464
391
295
469
461
374
312
467
287
0
318
236
295
2
277
320
1
0
0
341
298
302
456
0
0
0
1
376
319
0
2
424
395
0
352
349
0
309
1
1
0
0
387
283
0
336
0
0
349
366
0
290
389
0
0
324
405
393
403
255
414
229
275
321
423
351
447
426
436
451
456
282
1
0
1
0
260
289
362
0
232
1
340
332
295
306
409
362
393
0
0
428
271
247
0
0
0
407
369
0
0
449
230
0
1
326
365
425
403
372
2
344
0
0
441
244
230
0
322
227
400
0
0
406
375
0
0
0
0
311
245
324
268
265
284
0
258
0
380
0
0
281
420
444
0
437
0
315
0
317
0
431
1
1
360
217
0
217
0
301
262
390
1
0
300
0
208
407
1
403
367
409
0
248
0
253
2
384
241
424
402
0
1
1
0
419
338
1
0
0
420
0
431
218
379
0
363
0
378
423
306
0
0
221
371
229
256
271
345
348
310
1
0
368
406
428
0
0
363
308
0
404
0
195
216
317
0
256
1
268
248
413
0
318
278
0
265
0
218
2
0
251
0
288
323
294
412
381
258
1
341
419
0
403
201
392
218
316
321
0
300
0
0
295
268
413
276
0
415
286
0
293
421
326
1
199
283
0
243
329
415
247
288
0
279
205
0
411
0
376
0
310
188
238
2
0
2
386
1
231
219
387
277
0
230
0
329
0
326
388
0
295
358
0
249
254
185
388
0
0
220
1
331
340
0
296
256
320
315
0
1
406
379
400
0
293
266
243
204
0
1
240
324
193
229
200
0
0
0
0
210
183
296
358
328
313
0
190
0
1
232
0
320
0
282
364
220
296
179
0
250
304
383
338
0
231
218
222
246
0
307
339
392
178
205
213
279
1
186
0
222
207
297
333
222
0
379
197
230
212
191
307
0
342
205
200
200
0
228
399
391
285
0
193
346
178
262
339
382
239
387
0
169
250
389
249
0
0
1
0
194
0
272
286
2
280
1
256
0
349
1
339
265
287
0
250
275
0
307
387
0
346
1
0
337
0
329
334
276
334
0
168
1
245
0
270
349
179
207
264
290
332
336
208
316
271
0
0
310
0
0
233
263
228
303
0
262
0
191
219
2
335
0
0
188
388
331
0
1
339
358
0
381
247
340
291
177
1
0
0
170
0
283
295
0
248
229
1
0
192
360
174
0
343
289
377
219
0
176
296
1
182
306
166
196
151
0
0
0
262
286
1
227
164
298
320
288
208
353
338
0
0
309
226
292
321
0
0
303
352
1
239
231
0
317
335
243
345
296
178
262
221
0
300
222
319
282
225
248
0
208
0
1
236
215
0
219
0
237
166
0
327
0
236
369
1
0
144
330
176
252
345
269
296
310
222
367
341
0
337
0
173
298
147
242
259
149
251
224
2
321
336
0
0
0
364
200
0
290
271
321
2
315
0
355
335
313
0
0
159
1
1
238
0
188
285
301
256
239
0
132
171
141
337
0
2
277
207
347
211
220
248
164
1
167
304
282
224
0
354
258
154
275
0
262
0
0
0
153
332
288
259
349
329
0
0
0
179
320
0
307
2
130
0
190
248
0
196
308
344
0
155
293
1
0
315
269
341
267
1
263
228
0
212
264
209
0
0
1
1
351
205
295
134
182
312
0
246
0
174
0
0
0
0
193
326
0
229
200
1
308
165
251
191
344
214
329
276
258
140
340
1
0
0
284
0
0
232
0
249
297
178
289
185
320
176
319
320
219
0
193
143
252
0
299
316
256
323
228
3
173
0
187
195
0
1
270
231
343
117
271
0
211
273
135
0
322
169
197
0
117
325
200
132
159
335
1
0
270
0
178
116
227
326
199
191
185
0
0
264
340
305
172
143
223
0
154
0
204
317
212
206
272
170
169
288
0
1
263
0
262
244
231
0
157
160
288
129
326
192
213
201
0
188
0
117
237
288
288
0
134
333
329
237
286
307
199
300
0
185
194
308
3
196
0
321
277
2
227
0
131
238
0
251
0
0
134
155
283
97
125
292
0
277
2
178
0
328
112
1
104
0
100
254
114
