3271
3786
4696
2
2952
3019
0
3
3124
4280
3203
4301
3115
2923
0
2761
0
3182
3850
4953
3326
0
0
0
0
0
2911
3427
4110
2741
3054
3763
4878
0
0
4398
2992
4161
1
3191
0
3046
4765
3304
4016
0
4029
0
3486
3547
3077
4791
4727
1
4739
4133
4535
3031
4134
3768
4436
0
3176
2591
2550
4798
4375
4434
3730
3253
0
3527
0
1
0
3913
2
0
3003
1
4493
3284
0
4944
4761
0
3154
3196
2643
0
2647
3802
0
3483
0
0
0
4758
0
4200
3666
0
4293
0
0
1
4904
0
2757
2616
4561
4768
3244
3912
2481
4586
3869
1
4602
4111
0
3111
0
4670
2459
4437
0
4158
4598
2679
3166
3145
1
4411
2559
4300
2733
0
0
4247
2561
4910
4047
4590
4070
4462
3872
0
4160
1
1
3328
3898
2504
4182
4640
4622
4116
0
4314
1
4226
0
4781
4895
0
3770
2828
2837
4404
3909
4102
0
3762
0
4459
3412
4059
2486
3542
1
0
3142
4819
3162
4399
0
1
2657
0
4188
0
3809
0
0
3608
1
2
3789
0
0
4784
3842
0
2
0
0
0
3893
4728
2990
4577
0
1
3414
4265
3407
4414
0
0
3973
3103
0
0
2803
3526
4318
3146
3101
3301
0
3333
2581
3251
4326
4004
2999
2835
0
3499
3421
2850
0
0
3680
2842
4374
0
4219
0
4462
0
3933
3922
0
0
2703
4260
4733
2
0
4839
4326
0
4155
3868
0
0
0
0
3744
3121
3877
0
2493
3482
4762
0
0
4326
3553
0
4216
0
4869
2463
4853
0
0
1
2556
4419
0
0
4568
3262
3017
3832
4618
1
0
0
4186
1
0
3746
2555
0
3373
0
4136
3244
4568
0
4701
1
3746
4895
4635
4008
3259
4249
4103
0
0
4342
2974
0
3766
3159
4564
0
0
3214
1
3896
3688
0
0
2991
2967
1
3705
0
0
3645
2828
4540
1
4652
2858
0
2
0
2937
2753
3858
3575
0
1
4504
0
0
3803
0
3258
2533
3622
2842
0
0
3366
0
0
4148
3972
4418
1
0
4427
4394
4393
0
0
4826
3329
3397
2783
2649
0
0
0
4711
2486
2853
4329
3264
4518
4635
3970
3288
1
2794
4013
1
4193
2408
0
4216
3613
3899
3230
3862
0
3297
2487
0
4150
0
4054
0
4526
0
2449
0
0
2417
4876
2534
3356
0
3688
3482
4314
0
3155
1
0
0
2910
4437
4446
3459
3314
0
4335
2884
2
0
4616
4759
2810
4439
4650
0
3432
1
0
3857
4238
0
4113
0
3500
4355
1
3207
0
2567
4708
3328
2952
3182
2622
0
4494
4857
0
3128
3990
3895
3918
0
2542
3467
1
0
2490
0
4569
4065
3027
3608
0
0
2652
3644
3451
3019
0
0
1
2791
3889
0
0
4627
3332
3557
0
3076
4674
3019
3198
1
0
4360
3626
3516
0
3912
3991
1
2829
1
0
0
0
0
3703
0
1
3287
2827
4574
3476
4031
0
4325
2579
3808
0
4802
0
4559
4558
0
2587
0
3398
4626
3006
0
3193
3608
2921
0
0
2918
3811
4660
0
1
3233
4702
3376
3127
0
0
3423
3250
0
0
3358
0
3492
3851
3096
2829
2866
2
4661
3947
4711
0
0
0
4700
4388
0
1
0
0
0
2
4189
2547
0
3711
4794
0
3686
2635
4257
4426
0
2697
2942
0
4065
2598
4812
4631
2540
1
0
0
0
3176
4381
4431
4229
2531
4572
0
4144
0
1
0
0
2
4749
4741
2782
3438
3847
0
2361
4264
0
3278
3394
2852
0
0
2487
3892
0
3210
2409
4685
3582
0
4537
1
0
0
4371
2626
4105
2561
0
3519
0
4413
3854
2398
4462
3156
3899
0
2587
3952
3069
2550
2701
4183
2649
3416
0
4633
3250
3138
3141
0
2882
4046
0
3366
3379
3523
4567
4722
4358
2461
4355
4672
1
3849
0
3832
4682
4789
0
0
1
4356
3976
3019
4741
0
0
0
0
4030
3422
3526
3362
2
3395
2397
3700
0
3786
0
2557
0
3535
2471
0
4498
2846
3640
3185
2754
1
3235
3658
2686
3668
3756
3066
0
2598
0
3352
3208
4538
1
3371
0
3254
3489
3260
0
3498
4248
4402
0
3422
2430
3618
3647
3713
3507
4751
2367
2
4718
0
3384
0
0
2648
4273
3795
0
3952
0
3585
4006
2604
3282
4007
4302
3608
3140
2882
3255
2952
3766
2854
0
3519
0
3849
3416
0
2692
0
2383
3722
3419
0
3276
0
2843
3157
4596
2
3603
4137
2936
0
4372
0
2763
3104
3544
2977
0
0
1
0
2594
3232
0
1
2689
4468
4283
3107
2373
4646
0
0
0
3168
4152
2373
1
0
3324
4668
4680
3193
2360
2760
0
3644
3482
1
4736
0
4356
2469
3004
0
3700
4237
3463
4587
3195
2907
0
3231
2566
3622
2576
4190
4056
4622
4080
4254
0
2583
0
0
3271
1
3260
2966
4746
4402
3221
2482
4350
0
4398
0
2334
3563
4457
0
0
0
0
2987
1
0
0
2
4364
3959
2851
3347
0
4206
3828
2
3522
0
2799
2983
2985
1
3480
3106
2641
0
3754
2642
3098
2720
4767
0
4190
0
3843
4124
3318
3399
3670
3198
0
0
2820
0
4112
2402
3710
3135
2408
1
2502
0
3964
3512
3602
0
2810
3130
4476
4780
0
0
1
0
4468
3224
3157
3034
0
0
4146
4761
3724
3569
4597
4338
4098
0
2570
3292
2934
3487
3848
0
0
2496
4220
0
0
2618
3858
2906
2879
3245
0
3626
1
3148
0
4720
3164
1
0
3647
3077
3734
0
3594
2564
4094
2837
1
3201
3840
3551
0
4388
3631
2
4010
2615
2381
4444
4271
0
3166
2606
1
3911
3656
0
0
3807
4247
2567
0
2853
4430
0
0
3347
2766
4138
4227
2824
2854
1
0
3210
3421
3129
0
4319
2538
3532
0
2678
1
2462
2405
2771
3685
3477
3735
0
0
3967
2374
3253
2815
3447
0
2624
1
4445
2720
2766
0
4415
2322
3753
3497
3553
4758
3558
3833
0
3837
1
3722
2738
0
2884
4438
0
4248
1
2626
0
0
3045
0
2483
4211
4584
3822
2893
2761
3275
3435
2477
0
2
4644
0
0
3370
3817
3659
3338
0
4190
4032
2677
2373
2613
2538
0
2364
2612
0
3115
3282
3191
3585
4034
4096
4273
2
0
3353
0
3999
4233
2973
3856
0
0
3466
0
4683
3731
4111
2
3834
3706
4266
2857
2443
2605
4300
0
0
2705
3806
0
0
4689
2533
4128
0
3167
2
1
1
3658
4344
2313
3143
4291
3957
0
2504
3595
4731
3084
2486
2515
2677
4564
3095
0
3632
0
3329
3658
4750
0
4406
2931
1
0
2698
3841
2473
4134
4162
3500
4076
3447
3736
4517
4288
1
3947
4252
0
0
0
2883
3542
2598
4357
3086
4051
4185
3485
4155
3968
3474
4356
3419
2943
3369
0
2645
0
3514
2
4158
3176
4432
0
4561
4551
0
2743
2799
3315
0
4043
2461
0
2474
4171
4267
3507
1
4203
3322
2463
0
2633
4364
4470
3324
2966
4460
0
3096
3177
3452
4631
3232
2843
3780
1
3335
0
3314
3093
4420
0
4624
3530
0
0
0
3479
4232
0
4719
2745
3942
2589
3857
2671
0
2
3125
0
0
0
3009
3684
3591
3965
4427
3731
2322
2319
3193
0
3352
3994
3431
1
0
0
4420
2370
0
0
1
0
4085
4691
2557
0
2654
3942
2
2336
3292
3826
3013
0
0
3789
0
0
3735
0
4645
4251
0
3729
3855
4047
3291
2551
0
3496
3779
1
0
3642
1
3876
3722
3472
2720
4448
4639
3335
3591
4113
0
4333
0
1
0
2811
2776
0
0
0
3514
0
3878
3595
4307
4534
0
2
4179
4160
3036
3208
4440
4539
3947
0
3408
4424
0
1
4022
0
0
0
3033
2
4659
3220
0
2593
3621
0
3263
4673
0
2871
2905
4320
1
2280
3999
0
1
0
3890
4521
0
4386
1
4550
2396
4663
4581
0
0
2280
1
4560
2609
1
3877
0
4695
3007
3539
2427
0
4678
3000
4359
2885
2597
3069
2840
3271
0
0
2678
4129
2431
3244
0
2957
0
0
4054
0
0
4096
0
3578
1
2769
0
4502
0
2351
2874
3995
2338
4372
4127
4038
0
2966
4008
3009
2730
0
2345
2
3718
3795
2776
3165
2348
3350
4668
0
3356
2502
3835
1
4608
0
2227
0
4569
0
2762
0
3976
0
2429
3717
3
1
0
0
4592
2913
3786
4522
2765
2448
4477
0
4286
3331
1
3740
4513
3467
0
2
4323
3321
3341
0
0
0
0
0
3474
4394
0
1
4679
4154
1
4263
0
2662
3434
4580
3691
3957
2331
0
3559
1
0
4311
3386
3658
3427
0
1
3074
0
3148
3984
3693
0
0
4356
2772
0
2367
3956
2516
4683
3661
0
4570
4549
2287
0
4188
3043
0
3423
4604
3891
4106
0
4173
4272
2971
0
0
3114
2462
3375
1
3483
3044
0
4497
2662
2857
0
4186
4362
1
4104
2412
3470
4522
2788
2895
0
4585
4639
3081
4334
0
3391
3833
0
1
2490
2403
3383
0
4341
3365
0
2258
0
3579
2962
4475
0
3651
3639
0
1
4010
0
4543
2967
3660
3291
3935
2941
0
0
0
2832
0
0
1
1
4048
3850
4478
3394
2334
0
0
0
3739
3456
2743
3043
2230
1
2929
2496
4200
0
2901
0
0
2262
3945
0
2197
4321
2889
4671
3826
1
3659
4628
1
3041
0
0
4406
0
2
2720
4658
2333
0
0
0
0
2471
4182
3012
3668
4522
0
2783
2724
4155
2
4210
4625
2642
0
2275
0
0
0
0
0
0
2321
3102
2255
3520
0
0
3590
0
4307
3525
1
0
0
2284
0
4580
2213
4103
0
2916
3185
2855
2288
4447
3466
4029
3508
2884
1
0
4172
2604
0
2453
4569
0
4509
3275
3824
1
1
3703
2385
4175
0
3804
4427
3554
3993
0
0
0
0
4618
0
2538
4583
0
4589
2357
1
3219
2626
2603
2541
0
3570
2
0
4206
2308
0
3541
0
3138
0
1
4310
0
3
0
0
4267
3345
0
2189
2546
4459
3432
3898
3961
0
2574
0
0
4375
4375
3393
1
3900
2800
2692
0
3711
4024
2389
2513
0
0
2903
3247
3285
4615
3207
1
2175
0
0
2259
3178
2502
0
0
0
1
0
0
3170
3149
2734
4260
3135
4237
4452
2681
4136
4498
2426
2
0
2864
4239
3818
4326
0
4571
4428
3636
1
2788
2701
3054
0
0
2824
3454
0
3222
2834
0
1
3733
2276
2287
1
3511
0
0
2651
4163
3490
0
2217
2877
2284
4106
0
0
4537
2325
2355
2
2845
2454
2496
1
0
0
2217
2533
3580
2553
2
3302
2399
0
4015
0
4440
0
3954
3791
3840
3060
3144
1
4360
3931
0
3901
3606
0
2422
1
3308
3118
0
3341
2627
4051
2844
3660
3547
0
0
3882
4155
1
2
3819
2684
4579
3304
2412
3161
4065
2510
3101
3649
2249
4614
0
3163
2773
1
4057
4536
3878
0
2471
3007
0
2664
2626
2901
1
3170
0
2453
2646
3695
2567
3283
4353
1
0
0
4358
2573
4517
0
0
2734
0
4196
4613
0
2892
0
3014
4345
2577
4174
4049
3902
3363
4591
3224
3774
3832
0
4401
0
3929
4557
1
0
3299
0
2968
3154
2721
3831
4565
0
2487
1
2766
0
0
4475
4066
0
3776
0
2761
4368
2699
1
0
0
3727
2949
2488
1
0
3451
3985
2389
0
4069
0
2284
2840
3623
0
3968
3741
0
3396
3506
2
3799
4527
3795
0
2931
2972
0
4314
1
3169
2809
2342
2432
3405
4127
3310
3185
4144
0
3591
3182
2819
3767
4167
4540
4602
3795
0
0
2
4519
4537
0
0
2877
0
2763
0
0
2438
4468
3056
4545
1
0
2299
4114
4587
2252
1
2527
2215
3778
0
3800
0
0
2563
2671
4532
0
1
3699
2467
2562
4593
2862
0
3012
0
4121
4448
2697
2628
3967
0
1
4118
0
1
2429
2987
0
3501
1
0
0
2359
0
2769
3
0
0
3929
4233
0
0
2764
3634
3250
2816
4590
4378
0
2978
3041
4140
3206
4243
3687
1
2531
3824
0
0
2988
0
0
3557
3147
3092
4080
1
3566
2404
2615
2615
3621
2379
4476
2798
0
0
1
2256
3649
2487
0
0
0
3301
2661
4069
0
2
0
0
0
0
0
3025
2676
2251
4445
2150
4445
2865
4324
2
3077
3483
3070
3684
3126
2997
2238
0
0
2757
0
0
1
1
3728
0
0
1
0
4441
3484
3789
0
2800
2305
0
2136
1
2274
3460
0
4366
2949
2651
1
0
0
0
3134
2508
3882
0
2448
2758
3459
3186
0
0
4304
3276
0
1
0
2350
3801
4021
0
4432
0
2
3830
2942
3621
0
3584
2530
0
3861
2656
2999
0
2891
0
3635
4375
1
3378
0
4058
0
3626
0
0
4226
0
3181
3130
0
3656
4217
3937
2553
2873
3869
4038
4060
2718
3191
3802
2193
3701
3274
2875
0
2928
0
3437
2511
4369
4393
3460
3108
0
3493
2127
3404
0
3218
3161
3818
2146
2799
2960
2946
4406
2649
2
2970
4271
0
2933
0
0
2166
3851
2482
0
3928
3716
3146
4305
2229
4077
4318
0
3488
3811
4451
3609
0
3287
3337
2223
2174
4395
3506
0
3265
3801
0
3192
4459
2464
1
2471
4287
3352
0
2819
0
3555
3007
0
2714
2664
4538
2
3551
3716
0
2739
3938
4231
0
3219
2346
3006
3789
0
1
3794
0
3515
3299
4025
1
3289
4473
0
2482
4416
2433
4214
2575
3771
0
2679
0
2984
3019
0
1
0
0
0
0
0
0
3962
2071
3864
2229
2888
2234
2358
3157
0
0
2282
0
0
2262
4509
2649
2748
2
4419
0
0
0
4244
3163
2579
4416
2823
2384
2356
3553
0
3067
2360
4474
4236
2691
2463
2537
2
3301
2373
0
4284
0
0
2586
3366
3349
1
3553
3813
3579
3817
3491
0
2123
0
4220
3511
0
0
3947
2084
2
2552
0
2251
1
2709
3305
0
0
0
0
3482
4309
3541
3031
3882
2328
0
2949
2931
3286
3290
1
0
3166
0
2499
0
2518
3165
3815
0
2112
3533
4502
3671
3465
2888
2758
2378
2
0
3408
0
0
0
2254
4372
2080
3845
0
0
3641
1
3817
3759
3967
3035
3398
3802
2682
4160
4036
3527
2188
2946
2822
0
0
4341
1
2060
3023
2488
0
4307
0
0
3030
2125
3802
0
4511
2704
2988
4513
3832
2089
4097
2374
2333
3674
4502
2938
0
4081
2171
0
2047
0
3963
3842
0
2477
3656
3246
2634
2763
0
3665
3627
2
2116
2635
3624
4263
2639
0
0
1
2284
3700
4261
4261
3417
4162
2369
2058
2924
0
0
4140
1
3807
4312
3612
4097
4507
0
2232
3092
0
3487
0
3355
4415
0
1
2074
4016
0
1
0
0
2475
0
0
2911
4023
1
3384
2535
3508
3732
2704
2942
0
0
2777
2168
2601
2812
3911
0
1
3547
4020
0
4287
2092
3292
3638
3588
2167
2535
0
0
0
4061
2944
2477
1
2186
0
0
3774
3189
3136
2258
4029
2
3827
0
4288
0
0
0
1
0
0
4269
0
3330
3225
3396
0
0
3071
4118
4024
3203
1
3752
3133
2182
3469
3560
0
2046
2937
2373
2306
0
3795
3105
2438
2485
0
3806
4274
1
2146
3123
4145
3179
4431
3291
2265
3931
0
0
3771
4031
2292
4431
2784
2863
0
2337
2520
0
3161
1
0
0
2579
4028
3840
0
0
3047
2081
4134
2724
2425
4427
2568
3773
2
2833
0
2084
3590
4321
4279
2636
4235
0
3006
0
2454
3155
3473
2747
3914
3107
2987
2676
3671
0
2135
4413
0
1
3993
4302
2931
2968
0
3801
0
2591
2153
1
0
3904
3033
0
0
0
2984
0
2143
0
4253
0
1
0
3676
2135
4268
4370
4458
1
0
3
0
0
2079
4194
0
4013
2263
0
3276
2970
2827
3573
2402
2330
0
2
4323
0
2858
3550
0
1
3168
2929
2320
0
3915
0
3240
0
2811
0
1
0
1990
2898
0
3895
2886
2626
0
2993
3359
0
0
2652
2819
3158
2258
2359
3886
4163
3022
0
4414
1
3966
3754
0
3998
4416
3755
1
3696
3485
0
2767
0
3518
2010
3509
4393
2869
2013
3825
0
1
3985
1
3592
3399
2356
2781
2770
2988
3652
0
3849
0
0
3569
1
2280
2571
4409
2823
2543
0
0
0
3569
0
0
4447
0
3266
0
3395
0
3151
0
4241
2076
3486
2305
2
3095
2055
0
0
0
3047
0
0
3598
4042
2784
0
4392
4226
3497
3718
3387
4290
0
2358
3763
1
3427
4349
2173
0
0
0
0
0
0
3500
2488
1969
3246
2732
0
2421
0
4276
0
3187
2
2677
0
3433
0
2042
3099
3719
3877
3844
3001
4081
2268
2805
2813
3699
3279
2976
0
2105
2189
3061
3975
2522
0
3751
3949
4336
3480
3759
0
3049
0
2614
3207
0
2845
1
3415
2673
0
0
3548
4373
2526
0
4043
0
0
2
3148
3227
3447
3794
4006
4259
0
2279
1
0
3258
0
2060
2067
3341
3191
0
1
2600
2929
3574
3130
0
3160
2026
3298
0
2198
2152
1
2506
3614
3491
0
1
3416
3979
2638
2884
0
0
2521
1
4148
3417
2001
2721
0
4430
3898
0
3805
0
2972
0
3563
3425
1
3033
2459
4405
2364
2737
3320
1
0
2154
1
0
4096
1968
2400
0
3507
2403
3220
3831
4314
4188
2865
3134
2955
2039
3089
4362
0
2938
3960
2945
3355
0
0
3182
2404
2
2135
3124
2031
3776
3306
1988
4244
2995
3992
2102
3996
2294
2578
0
1
4231
3236
3070
2023
0
0
2179
2599
2323
2534
2738
0
2513
3231
2502
3439
2555
3325
0
1
2003
0
0
3436
4298
3904
2445
0
3211
2860
3232
2463
2194
2
3998
3467
4235
2456
0
3125
2162
3252
2675
0
2581
2686
0
3223
2279
2994
4373
2054
0
4395
3024
1
3650
3008
3247
3495
2481
2943
2024
0
0
3360
3343
3903
0
4332
2171
3679
0
3944
1
3895
4292
3627
2748
0
2729
3459
4258
2035
3099
1
3013
2112
2775
2313
3740
3913
0
0
3498
0
2992
0
0
1
0
3773
0
3196
0
4152
2430
4044
2303
4366
0
2880
2666
4011
0
4006
2796
0
2130
2207
0
3978
2493
0
4215
3348
0
2562
4039
1
0
4234
2086
0
2440
4059
3964
4030
2283
3033
0
2455
3369
0
4193
3283
0
2769
2681
2274
3191
3961
1
2347
0
3335
0
4228
1967
2229
3633
3067
3362
0
1
3487
1
3716
0
0
3090
3948
0
0
0
3308
4097
2
0
2072
4077
2541
2589
4275
4257
3871
3665
0
3652
2306
2902
3273
4376
4015
3796
0
3370
2265
0
3677
2212
3146
3104
4092
2313
0
3852
0
3514
0
2894
4388
1
2143
1988
0
3628
4029
0
4183
3404
1992
4072
4214
4037
3896
3450
2329
2543
3216
3699
3153
2612
2818
0
2051
4347
3339
3177
3623
3772
3503
3849
3796
3081
3314
0
1
2780
2053
0
3295
4194
3190
2758
2710
3520
0
0
2173
3784
1
4384
0
2012
2
4383
1
0
2096
4369
0
2661
2358
0
2758
0
2437
3936
3689
0
0
3880
1
0
1945
3194
3243
0
1930
1
2074
0
2025
2463
2379
3191
3522
0
3107
3803
0
0
3224
4040
0
0
3509
3
0
2309
3957
4240
0
0
4022
3325
0
2236
3306
2
3187
2463
0
3990
0
2809
2768
3280
3398
4107
0
3440
2469
0
4264
3123
3444
0
2477
2936
0
2281
2911
0
0
0
3768
0
0
2794
2824
1
4259
0
1979
1
3389
2302
0
2773
3943
0
1
2799
3165
2300
0
0
3495
3294
2278
3885
2024
1
4160
2120
3392
2303
4349
3113
1935
4155
1
2714
0
2945
2492
3204
2293
0
3870
0
0
4128
3143
3177
2408
3854
0
2825
2225
1
3115
0
3879
4302
2685
2245
1
4277
0
2512
2470
2
4363
2132
2133
3511
3059
2666
3727
0
1933
4082
4183
2812
2200
0
2134
3627
4310
3368
0
1
0
0
3420
4268
2383
3746
0
2355
2528
1965
0
3932
1
3423
3580
0
0
3314
2
4280
3488
3685
0
2809
0
0
0
0
4220
3971
1
4017
4055
0
1
2523
0
3204
2384
3013
0
3340
2104
0
0
2472
4231
0
3160
1
0
2143
3555
0
4318
3472
3446
3959
3565
2072
1
1890
4225
3062
3438
2071
0
2044
0
1
3178
2708
0
4259
4020
0
2
0
2998
2397
0
4342
2926
0
2877
0
1
2708
4199
0
0
4134
3691
3862
3399
0
0
0
0
3247
0
2366
2173
2329
0
2355
2321
2082
2275
4124
2485
3307
3941
2813
2557
2366
3068
3460
3915
2649
3090
2952
4271
2064
2663
2
3580
0
0
4037
3471
0
3872
1
2065
1
4096
0
2706
3655
0
3545
2643
0
3526
0
1906
3423
3280
3586
2077
2213
0
0
3607
2
0
0
2728
2489
4001
0
0
2642
1906
2737
3372
4056
3920
2623
1
2433
2841
2397
4179
2078
1916
3998
2589
0
2285
3244
3765
2035
1
3121
2129
0
2917
4274
1897
0
0
3289
1
1861
0
2354
3893
3442
0
3069
2829
0
2589
3775
3822
0
3592
1
0
1903
2303
3811
4015
2886
1912
0
3822
1
0
2827
0
3154
2932
2179
0
3639
1934
2836
2983
0
2
2115
0
4046
3551
3872
3303
3584
4021
3969
0
1972
2500
3316
3894
1
0
2543
3639
0
0
1992
2325
3776
0
2558
4078
3706
3891
3135
1
0
2544
3192
0
1
0
1
2202
4041
2500
1
2428
2474
2388
0
2555
2434
3675
0
3167
3520
0
2880
0
2478
2015
3169
3231
0
2779
0
0
0
3061
2
0
2564
2483
0
2785
4287
3226
3051
0
2662
1
0
3686
3924
2150
0
3004
0
2
3358
1912
3542
1920
0
0
3415
3088
3144
3671
0
2406
2639
3842
3145
0
3850
2
2123
3693
0
2486
2
0
3043
0
0
3472
2537
3737
4039
2346
2027
2780
1833
0
1990
0
0
0
1853
2554
2135
2604
1932
2511
2077
0
2618
2640
4112
0
0
3715
3289
2378
4276
1827
2975
0
2867
3069
2925
4234
0
1
1
0
2721
1944
2693
3128
2356
1
0
2614
2438
0
3410
4237
3012
2098
2844
1
0
3724
2715
2581
0
0
0
0
4059
1856
0
3287
2553
1859
2
3767
2474
2890
0
2869
2496
2735
0
0
2552
3160
4109
0
3265
2773
2861
1838
2305
1
0
2986
0
1998
3779
2509
0
3589
3347
2565
3762
3085
4283
4171
3222
2399
3395
3172
2914
1
2098
2476
2860
2027
2636
2655
4149
4177
1
0
0
0
3763
0
3669
0
0
1
0
2902
0
0
4080
0
0
2113
3311
4217
3989
1
2166
0
3083
3524
3835
2517
0
2149
0
2
1939
0
0
0
2349
0
3042
0
0
1
2127
0
0
2697
2719
2026
2
4129
0
4232
0
2271
1851
2585
0
3616
1
2220
1846
1
2252
3705
0
2350
2980
3939
0
0
0
1960
3066
0
0
3574
3757
4221
0
0
1
3206
2801
2633
0
0
3938
2175
2009
3325
2636
2037
3505
3513
0
4046
4167
4123
0
2294
0
2690
1980
2606
2211
0
2683
3102
0
3892
0
3572
1809
2259
3636
2349
0
2551
4020
2
2330
2234
1
0
2045
3536
0
3147
3153
2017
2261
0
4160
0
0
3441
0
2170
3920
3686
0
2706
0
0
2
0
2878
4094
3739
4188
0
3734
0
0
4038
2405
2922
2193
3299
2127
2766
1
3392
2369
3643
0
2743
1
3818
2602
0
4144
0
3117
1
3947
0
1846
0
3835
1780
3598
3217
3485
0
1944
2183
3337
1772
3445
2597
1926
2129
0
4186
0
0
0
3336
4119
1
2536
4034
0
2868
0
1
3464
3069
2552
2441
2939
3334
3664
1
3150
2221
0
4141
4177
2635
2802
3297
2185
3360
0
1
0
3
0
2266
4072
2681
0
4026
2681
0
3478
0
1
3773
1865
2475
2288
0
0
0
0
3081
1
2
2449
2024
4070
0
3176
0
0
3748
0
0
4170
2187
0
3755
1
3164
2111
2414
0
0
3817
0
0
3339
2548
4131
0
3505
4124
0
0
2467
3902
2419
3572
3878
2268
2822
3650
1856
2059
1
0
2620
0
2574
0
4223
2458
3361
0
2
3099
1
3457
3707
1833
1990
2377
3144
0
3036
2855
3144
2112
0
0
2938
3624
1767
1
4092
0
3580
3215
0
2346
2407
3171
2617
3373
1
1
1828
0
2221
3058
0
4036
1930
2686
0
3487
0
3831
2136
2522
3581
3761
1
0
0
4133
3660
4179
0
0
2301
1
0
4210
4
2446
0
3988
1
0
0
0
0
1
2039
3286
0
2383
2117
2907
0
3699
0
2061
3486
3002
1777
2610
0
3597
2
3540
2280
0
0
0
2406
0
3412
2550
3435
0
3876
1887
2001
2478
2195
3294
0
0
1
0
1764
1
0
0
3104
2552
0
1960
3969
3794
0
0
3218
2207
2703
4153
0
2745
3223
3921
1
1916
2707
0
2573
2797
0
3106
0
2511
2097
0
2926
0
3470
4141
0
0
2430
2822
0
2026
2726
1781
2448
0
0
2
1
2183
2934
0
2572
1
0
2044
4032
1933
2338
3901
4196
0
0
2976
1
2560
0
0
0
3573
1
0
3468
1
0
2275
0
3332
3726
3436
2556
2768
3807
2501
1
0
2251
1
3692
3597
3414
0
3725
2978
3837
2786
2802
2815
0
3957
0
1
0
3773
0
2082
3610
2012
4062
0
0
2061
3660
3185
1
3278
0
0
0
1715
1
3974
1889
0
1
0
0
0
2130
2283
3597
3052
0
3901
2282
0
3067
2484
2791
3232
0
2
3150
3740
0
2159
1
3083
3442
3037
3988
2037
0
2505
1953
3
1745
0
1
2446
2317
3164
0
0
3525
4165
1
0
0
2850
1720
3795
1730
3523
2
2094
0
0
2993
3717
1
2451
2852
3141
0
2965
2644
0
0
2104
3616
2257
2719
4090
2597
3051
1
1981
2044
0
1966
3004
0
1907
2298
1951
0
3698
0
3525
2487
0
0
3402
0
2
2217
0
0
3548
3338
3071
3436
0
3129
2171
0
3859
3208
3090
3325
2062
3148
2740
3043
3472
0
2617
1945
2466
3096
1
4148
0
3723
1929
3891
3708
2818
0
2875
1711
2231
3685
4042
3888
3027
0
1867
3781
0
2021
2551
2179
0
0
1832
3385
2709
2332
0
0
3678
3019
3284
4068
0
0
3936
2302
3678
2988
3289
2368
3604
0
3295
2173
3246
2651
0
0
2263
3
3717
2098
2453
4099
2547
2998
4140
0
2684
3890
1773
2327
0
1716
0
3304
0
1932
1
2956
0
0
2244
2014
2705
0
1
3500
1897
0
0
3005
4005
1854
1
0
1724
4040
0
2760
0
2502
2742
3759
0
3299
4018
3218
2495
3479
1696
3802
0
2
0
0
2797
1665
0
0
1874
4137
2460
1
1785
2526
2602
2356
0
3176
3565
0
2236
1
1
3852
2331
2364
0
0
0
0
3263
3615
3627
1775
1
0
2092
1834
3648
1905
3801
0
3632
4050
0
4030
3454
2186
0
3669
4032
2988
2142
1
2389
1782
3636
2779
3973
2189
4115
1
4059
0
2081
0
3346
0
2752
1915
4075
3176
1756
0
1731
3176
3199
1655
2583
0
2705
3230
1989
2287
2676
4077
1
3629
3403
2589
1664
3467
1774
1900
2442
3817
1799
0
0
2397
4088
3594
3506
0
3575
2801
0
3946
3644
0
3615
2907
0
0
3264
0
2127
0
3260
1798
0
2942
3206
3161
2671
2338
2634
1767
2669
0
0
3236
1
3278
2299
3999
0
0
2610
1
2892
2734
0
1909
3367
1987
3810
3051
2477
2856
4001
3867
2721
3500
2776
2755
1890
1990
4120
1787
3916
0
2422
3547
0
0
3977
1
3914
0
2398
3722
3165
3825
0
0
3894
0
0
1917
2700
0
2094
3617
2592
3923
0
3394
3828
3902
2
0
0
0
3997
0
3928
1
2595
0
0
2150
1847
2052
3630
1759
3903
1682
2773
2416
2892
0
0
2788
3530
1
3398
2922
2186
0
1707
0
1
1
0
0
3012
0
3237
0
0
2698
2
3850
3573
0
0
3730
3117
2470
2192
2340
3099
3599
2690
1
2835
3746
2204
1729
2685
4033
0
2051
0
2753
0
3916
0
2502
0
2562
0
1
0
3022
1
3058
3277
3067
3410
0
2736
1807
3291
1882
2495
3028
3795
0
2
0
0
0
3304
3732
1689
2868
3148
0
1
2795
3134
3862
0
0
2182
3506
3597
2501
3475
1
0
3034
2008
2348
3844
2841
4029
1762
1666
0
0
2683
1694
3654
1
1746
2156
3773
0
2520
3370
3018
2846
3251
3062
1949
0
3899
3877
3155
1
1
1979
0
1622
2842
1
2919
2296
0
0
0
3000
0
0
3184
3039
3863
3204
0
1714
0
2369
1614
3945
1993
2822
2014
1
0
0
0
2710
1625
2794
0
2471
3901
2368
3165
1991
2
0
2867
3269
0
3959
3818
0
3460
0
0
0
2913
2850
0
0
2050
3478
2031
2872
2946
3258
3102
0
3540
1623
2097
3502
1
1851
0
2481
0
2055
0
1
1912
1
0
3541
3537
0
2623
1885
2
0
2909
3775
3121
3649
2657
0
2944
1897
0
0
1
1615
0
3717
3885
0
2327
1
3945
0
0
2707
0
3453
2549
3931
0
2940
0
1965
3350
2978
0
3097
2313
3263
3277
2720
1975
3908
2455
0
0
3510
3746
3230
2664
0
4026
0
2581
2042
3023
3082
2668
4027
2836
3745
3223
2742
2432
2791
3710
3298
0
1868
2905
2855
3946
1938
3730
3994
3
1609
1728
2
0
1814
3828
0
3068
2085
2417
0
2970
1836
0
0
1937
2728
2147
1
2791
2293
1
2827
3567
3521
2527
0
2962
0
0
2028
2
2336
3031
2879
0
3448
0
3294
2666
3855
0
0
2924
2730
2264
1
2736
2
0
2490
1628
1894
1720
1788
2059
3358
0
1784
2569
3658
3516
1970
3530
3520
0
1590
1583
3554
0
3480
3127
3194
0
3914
3439
2816
1
1599
2806
0
0
2243
3803
2834
3362
2365
0
3871
3552
0
1833
3739
3762
2681
2721
0
3938
1
3356
3334
2908
3761
1936
3376
2337
2553
2698
2119
2610
2500
2147
2150
2372
3052
3473
0
0
2000
2998
2478
3069
1806
3200
3568
3077
3933
2633
3072
0
1713
0
1621
1869
3370
1
2428
0
2364
1982
0
2040
0
2242
2689
0
0
0
0
2
3302
2432
3547
3532
2752
1837
0
3242
0
0
2230
1962
3974
1
3214
0
2076
0
3745
0
0
3421
2281
0
1
3461
3004
3601
1850
3852
3117
2531
1819
0
0
0
2545
3848
0
2621
2622
2746
3192
3664
1
3963
0
3364
0
0
3088
3348
2603
2494
3360
0
2353
2174
3432
0
0
3637
2893
0
3282
3713
3272
3668
3453
0
2391
3090
0
0
2880
2536
2360
0
2922
0
1
1615
3084
3044
0
2689
3456
0
2026
3103
1
0
3021
1
2632
0
0
0
2014
0
3749
2893
2550
1700
2
3064
0
0
0
0
2450
2224
3955
2645
1
2035
0
2991
3164
1623
2730
3991
1943
3568
0
1705
3996
3645
3687
0
3431
0
1
3417
2282
3550
3536
2322
3374
2631
3806
0
0
0
2
3423
0
2265
0
2060
3222
1
1902
4009
1
2374
2693
2031
3864
0
0
0
2262
2057
1818
3529
2428
0
0
3177
1957
0
1
3269
0
1576
0
1654
1
2554
3226
1611
0
2394
4007
3336
1818
2686
3377
3712
0
3544
1676
1927
2686
3681
2968
2393
1713
2515
0
1932
0
3467
3705
1619
1997
1994
3743
0
3917
1
3538
3746
0
0
1807
2917
2442
0
3419
2803
3051
1540
1
0
2772
2
0
2461
2745
2819
4003
0
0
0
0
1
0
1970
1
0
2521
3980
2100
2252
0
3824
0
2
1555
0
0
0
2517
1
2945
3401
3098
1899
0
3500
3836
0
3885
1
2291
3950
0
2896
3436
2661
2
3818
1817
2345
2488
3296
1987
2049
1
0
2424
3461
2464
0
0
1
3325
0
2167
3825
0
3557
3674
0
3722
0
2
0
2096
3055
3259
0
0
2913
0
2059
2948
3054
2245
1
3947
2610
1751
1935
3770
0
2431
3627
2274
1678
2077
2073
2356
2361
3025
0
3231
2
3867
1
2524
1517
0
2580
3254
3192
3343
0
2
3829
0
3594
0
1
0
2844
3029
2152
3229
0
2654
3441
3424
2366
3661
2
0
1512
3500
1780
0
2198
2646
3578
0
2500
1
3212
3535
0
1495
1993
0
3208
0
0
1645
2137
0
2180
2
0
1833
2234
3356
3821
3071
1780
1825
3296
3315
0
2614
0
1
2879
0
3020
3914
1661
2463
1873
3651
2232
0
2985
3017
2387
1
0
1533
1637
3810
2072
1
3918
2191
0
1759
3434
3
0
1732
0
2088
2903
2641
3033
1525
3396
0
2111
2963
2977
2886
3453
2550
0
3461
0
1
3289
0
0
0
0
3801
3704
2941
0
3417
2671
3048
0
2811
2
0
3115
0
1749
0
2820
1642
0
2095
2464
2
1
0
3855
3581
0
2947
3800
0
1552
0
1748
2045
0
1
0
3355
1860
2043
2365
1976
3264
0
1622
1612
0
0
2899
0
0
2789
0
1
2873
1864
1
2168
3706
2672
2302
0
3364
0
2188
3411
0
2404
3751
0
2736
3515
2321
0
0
2677
2148
0
1590
2402
3949
1947
2
1853
2054
2334
2226
0
3733
2548
0
0
2877
0
1724
1
2417
0
2337
3906
2
1967
2247
2984
3248
2260
2603
2558
3372
3224
2213
3748
1657
1489
2893
3733
3159
0
2265
0
3033
3607
3359
0
2883
0
1
3367
3213
0
0
1
0
1546
3791
3713
1661
0
2212
2269
1725
1874
0
1
3185
0
2006
2227
3605
0
3777
0
2
2304
2039
3755
3293
0
3079
1
3438
3293
2941
2099
2450
0
0
0
2904
2940
3143
3470
0
3352
3193
1597
1851
1738
0
0
3364
1534
2081
1
2993
1927
1995
0
0
2917
1796
2967
0
3578
1
0
0
0
0
0
0
3385
1815
2935
3786
2256
0
1701
1996
2483
1615
2334
0
2280
1460
3407
1672
3880
1682
3907
2
1517
3586
0
0
2865
3424
2338
3489
3308
3640
3819
2589
2422
1876
2663
2049
3137
1
0
3720
2459
2430
0
0
3764
2829
2576
0
2241
1
0
1855
3495
2287
0
3160
2949
2480
1853
2636
3646
0
0
3453
1
0
0
2134
0
3087
3523
1840
0
3387
1704
3435
0
1912
0
0
0
1753
1635
0
1887
0
2844
0
1876
1875
3669
2968
2468
1864
3889
2879
1
3793
3720
3085
2519
3004
3372
0
2891
0
3195
1975
1943
1
2753
3582
0
2736
1601
1923
3094
0
2896
3879
3082
3487
2885
1
1
3725
3483
2856
3305
3752
0
2676
1892
0
3373
0
1550
1735
3103
3555
1433
3044
0
3235
0
2787
1550
2268
1875
2
0
1656
3703
3131
3695
0
2266
0
3855
0
0
3859
3543
3387
3783
3219
1446
2399
3424
2036
1496
1810
1
0
2672
1648
2717
1775
0
3596
0
1
0
1
1
2928
0
3725
2607
3118
0
2149
2
1442
1987
2961
2936
1742
0
3019
2792
2135
0
0
2780
2507
2416
3344
2684
3250
0
0
1
3716
2920
2178
0
3361
1548
3212
0
0
0
0
1878
0
2559
0
0
1621
3329
2958
1466
2263
0
1576
2
2046
3042
0
3619
0
3402
2724
0
2405
3283
2827
3524
2583
3119
0
3569
1
0
0
1
1
2870
1519
1702
2105
1
1854
1964
1667
0
3446
2538
3131
3817
2518
0
0
1905
1740
3774
2309
0
2765
2684
0
1815
2962
0
2775
2137
0
0
0
2785
1
3820
1926
3320
2115
3236
2671
0
0
2685
0
2839
0
0
2308
3193
0
1
0
3141
2078
1637
0
0
0
2429
1730
3573
0
3410
3446
2301
0
3608
1
0
0
0
2792
2986
3101
1441
0
1973
0
2914
0
0
2194
2535
3843
0
0
1795
0
1
2473
0
2272
1
2546
0
0
1820
2558
2652
0
1409
2254
0
1650
2827
2285
2078
2129
0
0
1
3838
3549
2036
3240
3681
2802
2780
0
0
1
1496
0
3639
0
1
1557
3170
2314
2664
2135
0
2726
1808
0
3033
0
2233
0
2560
1
3777
0
2812
1778
0
0
2941
2214
3323
0
3098
0
3719
3520
3215
0
2
3163
3151
1949
0
2580
0
0
2867
3800
1
1
3129
0
2008
0
2869
2139
3284
3777
0
2854
2812
3673
1
2596
1657
3686
0
1
2756
2217
0
0
3688
0
3493
3146
3828
1555
0
2753
3421
0
0
3835
3448
3199
2817
3655
2954
3585
2083
3152
3084
3197
0
3163
0
1437
2016
2916
1
0
0
2256
0
2
1488
1628
2674
3660
0
3261
1878
3243
3249
1
0
3275
1
1407
2128
3837
3621
0
0
1891
2203
3327
2818
2351
2637
2420
1541
0
3067
3662
3410
3507
3224
2415
0
3736
0
0
3123
2211
1
2751
0
2246
1814
2729
1539
1
0
0
0
1
2943
2201
3300
2843
2039
3179
1895
1718
3473
0
0
0
1382
0
3350
3167
2415
3726
1
2176
2245
0
2064
2854
3771
2148
3355
2
3547
0
1781
0
0
2401
2383
0
0
2333
2
0
1416
0
2812
0
2164
2019
3688
2896
1885
3555
2409
3623
3393
3148
1
2269
2684
3659
3550
0
0
1727
0
2132
0
2202
3489
1
2650
3586
3763
2369
1594
0
1719
2886
0
1947
3739
2857
3421
1661
2682
3112
1
1600
0
2077
1394
1704
3244
3157
0
0
2718
2506
3664
1439
1
2439
0
3812
3515
1554
2024
3073
0
1521
1358
1655
1
0
1680
3407
2334
3463
1818
2830
2263
3344
1737
2633
2016
0
0
2773
2606
1
0
1958
3826
1443
1597
3757
2935
2290
2895
3508
2035
2818
0
3408
3554
1723
0
1603
0
3369
3682
2842
2925
0
1611
2333
0
0
1408
3
0
0
0
1
3049
3057
0
0
0
2518
2355
2443
3387
1906
1741
2837
0
3234
2208
3358
0
2365
2208
0
2128
2862
0
0
1920
1422
0
0
0
0
0
0
2372
2204
1501
3603
1731
3293
3750
2686
2432
2786
3708
3106
3148
2251
2939
3133
0
1786
2477
3307
1831
0
3220
3507
3389
0
2701
2728
2985
2362
1674
1
3192
0
2884
2210
1509
2
0
1709
0
1
0
2399
3679
1551
3408
2769
3440
3302
2956
3462
1406
3354
0
0
2958
0
1817
1
1
0
2072
2620
2
3318
2220
3588
0
1374
1
0
3127
0
2687
1358
2980
2091
2804
3492
3770
1440
2153
1769
0
2855
3648
0
2
0
0
0
3157
2320
2722
2499
3059
2990
0
1
3633
3033
3310
1609
1487
1936
3583
3537
1912
1623
1596
3271
1401
1832
2214
0
1558
3103
1
2242
0
0
2090
1503
3389
2617
3044
2
1847
0
2955
1367
0
1670
0
0
2626
1
0
2141
2327
1709
2335
2193
0
3775
3221
0
3643
0
2606
2122
1763
0
0
3119
3664
1
3158
3584
0
1
2691
0
0
2016
1541
0
0
1782
3067
0
3142
1836
3080
2298
3009
0
3286
0
2156
3058
2146
2887
1430
1739
0
3592
2226
1626
0
1974
2204
1752
1
1
1517
2753
2343
3235
0
3717
1669
1958
0
0
0
3252
0
1407
3673
2652
2447
0
0
2019
2409
0
3368
2045
2043
2614
2738
2753
1
0
3724
1661
2953
2321
2704
3757
1331
2671
3727
0
1690
0
1508
3555
1909
2358
1507
2518
2069
2628
3700
0
0
1625
2349
1
3254
1
2541
2243
1603
1517
0
3576
2794
2337
0
1
1722
2285
0
3691
0
1
0
0
0
1
1753
3772
3139
2675
2699
0
1982
0
0
2182
2201
1
0
1740
1839
0
3131
0
0
0
2436
0
0
3345
3386
1472
0
1531
2922
0
0
0
0
1582
2696
3505
2672
2611
1
2244
2728
1769
2
2535
1817
3568
1576
0
0
3581
0
2572
2730
1732
2459
2242
1731
0
3555
0
2602
2523
3319
2839
1888
0
3673
3077
2513
2985
1
2636
0
3760
1911
0
3544
1383
3697
0
3213
3
0
1
0
0
0
2408
0
0
2461
2103
3221
0
2019
2183
0
2286
2936
3020
2083
1888
0
1
2069
3614
3356
0
1660
0
0
2332
2488
1282
3075
2
1506
1570
1317
3206
2389
1826
0
1514
1328
0
1292
1
1460
1490
1899
3083
1987
0
2906
1552
1756
2417
2432
1997
2257
2513
3589
3204
1
1621
2049
3266
3453
3080
2413
3484
1702
3576
0
1505
0
2219
0
2523
2077
0
1538
1798
3157
1
3101
1590
3138
1833
1449
2313
2027
3254
2697
2552
0
1615
2197
0
0
1917
0
0
2267
3079
0
2356
0
2225
0
0
1643
3357
1575
0
0
3334
3645
2402
2489
0
2336
0
2306
2707
1
0
3426
0
1722
2049
3264
0
3029
1999
2124
0
2992
0
3504
0
1905
3704
2212
3703
1
1888
3240
1457
1977
3086
3527
2869
2
2326
3053
1602
3716
2266
2917
0
1619
2197
2844
1680
3030
2925
0
1896
1
0
3517
1900
0
2688
3262
3451
2773
1917
1328
1659
2555
3195
2803
3315
2556
2067
2862
1
2374
3589
2950
3013
0
1854
2519
3129
1587
1767
2004
3204
1451
0
3491
0
3312
2143
3714
2281
2649
3448
2272
0
1275
1905
1
3293
1576
0
0
3511
2131
1446
2781
3583
1
1610
3606
1710
0
2799
0
1645
3230
3064
0
0
0
2345
1
2571
3141
0
2038
2133
3668
2102
0
1331
0
2052
0
0
3078
1624
2346
2939
0
2516
0
3498
3076
0
2973
1480
1286
2148
1589
3652
2302
0
1366
2869
1855
0
2609
2972
3104
2258
3204
1280
2485
3693
0
0
3589
1619
1836
2589
1284
2143
0
1
0
0
2449
1993
0
1
3094
2401
0
2401
0
2713
2
3403
0
0
1665
2358
2097
0
1333
2075
1
0
0
3611
2015
0
3660
0
0
1
2890
0
0
0
1416
0
3302
0
2252
1425
0
0
2460
0
1851
2793
0
0
3264
0
3439
1
2381
0
3230
1815
2549
2383
1993
1692
0
0
2095
2967
3317
1534
2882
0
0
3131
1965
2692
3092
0
3519
3369
4
0
0
1353
1719
1685
1310
0
0
3431
1653
2465
1899
1926
0
0
1734
3228
3594
1755
1
0
1453
1627
0
3
0
1548
0
3551
0
1
3379
2774
0
2881
0
0
3667
2497
0
1911
2681
1507
3559
1496
1309
0
1659
0
2627
3335
3003
0
1541
1702
0
1828
0
1761
3472
2269
1619
0
2424
1
3139
3234
3264
1763
1502
3369
3297
0
0
3471
1744
1
0
3380
2261
3249
0
3481
1277
0
0
2338
3432
3105
2
1894
2881
0
1971
0
0
2208
3378
1706
0
0
1680
2004
1
2007
1851
3377
0
2529
0
2560
1878
1981
1637
0
2227
2536
3415
2379
1281
1877
1979
1
3537
0
1257
3231
0
0
1889
2548
2221
2404
2806
0
0
1850
1930
1936
0
3
1567
2222
0
2271
3514
0
0
3394
2250
2
2354
0
2616
0
2395
1861
0
1
3028
0
2843
0
3011
2907
0
0
3541
2872
2951
3087
2292
3126
3415
0
3088
2350
3620
0
0
1957
2676
0
3188
0
0
1
1889
0
3654
1880
1423
1
3142
2770
2453
3229
0
0
0
1634
2589
2831
0
2087
3614
1428
1918
2717
2602
2232
2371
1380
1954
2
2194
3379
2148
3348
2352
0
1354
0
1638
0
1947
1794
3018
0
2779
2418
0
0
2
0
0
1446
1577
2260
2427
0
1656
3169
1565
1
1612
1
1737
0
0
2569
2465
3135
3326
3651
0
0
1526
1802
0
2791
3219
2010
1999
1699
0
0
2575
0
2229
2878
0
0
2899
2842
2581
2010
2758
1601
1416
1377
0
1
2
2988
1856
3251
1361
3268
2333
1483
1334
3123
2174
0
1752
0
3225
1567
0
2607
0
2974
1731
1674
1744
0
1522
3546
2077
1
2784
2739
3483
1751
3287
3480
1
1504
0
0
0
3292
0
0
3510
1
0
2171
0
1535
0
2182
1681
1601
0
1937
1868
1740
2278
2394
2
0
0
3421
0
3636
0
1504
2802
2751
2234
2896
1684
0
0
0
2038
1
2703
1308
2470
0
2596
2831
1488
1
3329
2054
2684
0
3475
3222
0
1538
2257
2224
0
2636
3480
1730
2083
3607
1780
1206
0
3160
0
2292
1389
3585
0
2208
2630
2727
3590
1732
2590
2564
1871
2669
0
2966
2
0
1187
2203
0
3428
2027
1422
0
0
1243
1194
2723
2874
0
0
3459
2119
2994
3260
2777
1890
2359
2058
1
2879
1965
0
0
1723
3548
2738
2474
0
0
1
1
0
2401
2294
2595
0
1251
1336
1701
1
2852
2303
0
2796
2869
1510
0
3157
1
0
0
2976
1667
2122
1
1324
0
2406
2774
0
2920
2493
0
1365
1925
0
0
2059
1968
1562
3037
1484
2989
2719
2599
3218
2129
0
3442
0
1212
0
2905
1448
1641
1191
1343
1256
2235
2504
3469
2691
3179
2749
1
2980
0
3530
2978
2918
3549
0
0
2246
0
3064
3020
1180
2701
1699
1419
3489
1
0
0
1435
1321
1792
2128
0
0
2342
0
0
0
1395
1
0
0
2495
2124
3225
2526
0
0
1213
1279
0
0
0
1525
0
0
2389
1961
2893
1797
2235
0
0
3602
1800
0
2143
1
1358
2548
1688
2795
3232
1293
1993
1291
2338
0
0
0
2154
3403
2858
3271
3303
1683
1762
2722
3003
2448
1
1810
1656
2139
1316
0
2624
0
0
1260
3013
1
3547
1274
1504
1598
0
0
2496
1322
1772
0
3068
2477
1942
0
1
2101
1
0
1353
2025
2054
3153
2549
0
2970
2475
3494
1466
1985
1
0
2339
2425
2734
0
0
2222
3385
2
2878
0
2248
1930
1454
2732
1182
1109
0
1628
0
1392
3574
3135
1979
0
2638
3532
0
0
1143
0
1777
0
0
1
0
1239
3100
2400
1617
0
1
3110
2355
2630
2166
0
2052
0
2939
0
1580
1420
2274
0
2798
2705
2120
1369
3053
1
3147
2900
0
3518
2599
0
2044
1233
0
2836
1
2608
1113
1744
0
3217
2861
3469
1
1
0
3262
3100
2135
0
0
2884
1258
1158
3472
1791
0
3155
1364
2635
1
2265
1756
1879
3556
1
2514
0
3472
1803
1246
1851
1145
2655
0
0
2829
3266
3453
2
0
3426
1
2288
0
0
1
1178
3062
0
0
0
3491
1648
3263
1
1
0
1524
2942
2142
1140
3
2544
0
2735
1687
0
3449
2663
2812
0
2939
3100
1621
1801
2595
2192
1993
0
1750
0
1989
1346
3379
3554
1123
0
3302
3495
2037
1
2225
2028
1084
0
0
0
0
1270
2608
2208
1892
0
0
2959
0
2725
3225
1
1703
0
0
1
1
0
0
1748
2241
1485
2296
0
1357
1773
1387
0
1
0
0
0
0
2127
1760
3045
0
1647
0
2427
0
1086
1970
3361
2169
1700
0
3314
2814
1
0
0
0
2334
2143
1746
2864
2351
3059
1985
2
1964
1
1069
2003
3379
3097
2721
3485
2899
1233
0
1
0
2347
1610
0
1
1
2256
2361
0
1
2859
0
1960
3039
1998
0
2811
0
2720
0
1985
1461
0
3526
0
2582
1403
1305
2128
2469
0
1331
2993
1
2816
2824
0
2266
1817
2
2690
0
1499
1198
0
3237
0
2129
2216
1897
2125
1783
2768
3244
1773
0
1370
1210
0
1218
2800
2408
2376
1886
2982
1986
1683
0
2845
0
2581
1
2476
2921
0
1
0
1
1844
3315
0
0
1435
1688
1355
1
2432
3374
0
3257
0
3343
0
2568
2162
3078
1867
0
2993
2902
1282
0
1161
3369
0
1240
1668
1771
1
0
1
1743
3504
2984
0
0
0
0
1230
0
2
0
2556
3045
0
0
0
0
0
0
1
3453
0
3505
1826
0
3097
2230
2022
2942
3064
0
1467
1752
1433
3023
1352
2338
2572
0
1758
0
3360
1392
3439
3024
3193
0
3017
0
0
0
3197
1464
0
0
2891
3425
3093
3283
3000
2456
2152
2404
1666
1744
3450
1182
0
2880
0
2598
2544
0
2773
0
0
0
2138
1146
0
0
1
2387
3159
1
0
1970
1
1612
1491
2808
3013
0
2577
0
1772
3379
2176
1803
0
1370
2334
1529
3266
1776
3178
2551
3300
3127
1808
1
0
3014
0
1742
2386
1
0
1317
1836
0
2080
3284
0
1431
0
1209
2682
1
3448
1737
2938
2962
0
3153
2731
0
1477
1370
0
2199
1466
0
1220
0
1179
0
1081
1536
0
1816
1206
0
0
2299
2174
1
0
2090
2
0
2612
0
0
1
1741
1
2024
2739
1749
3190
0
0
1022
1699
1396
0
1073
0
1
2020
0
2687
2191
0
0
1380
1489
2502
0
0
2747
3459
3345
1
1199
2439
0
0
0
3119
2406
2723
1662
1553
1407
2
2568
0
3164
3454
1565
2951
2388
0
2262
2805
3359
2162
2144
0
1544
0
0
2634
3155
1120
1653
1
1032
2473
0
1391
2542
1297
1811
1733
1348
3348
1477
2308
0
1
0
0
3223
0
0
1029
2624
1085
2783
3314
2872
1579
3048
0
2516
1492
3443
2486
0
0
0
3276
2466
0
1
2116
3409
0
2739
1
2938
2416
0
0
2080
1107
2460
0
3301
2750
1949
0
2193
1247
2326
3289
2530
2518
2964
0
0
2333
1624
0
0
1471
1
1298
2270
3237
2189
1400
0
3189
1152
1124
2129
0
1615
2356
0
1418
1659
2864
2
3458
0
2924
2638
1505
2599
1912
3467
0
1525
0
3375
1646
1
1139
1976
3389
2851
0
3325
0
1609
1906
2575
1640
2880
1903
3147
0
1744
2819
0
2813
1852
0
2568
1447
3027
2274
0
1868
0
1095
0
3170
1
1909
0
2064
3041
2267
3251
0
1455
0
2486
0
3019
2120
1427
1991
1637
1597
3268
1184
1693
2100
1
0
2395
2350
1157
2046
1549
1
0
1045
2657
0
1444
0
1
2235
1
3408
2230
3022
0
2475
1169
0
1082
2014
2163
0
2004
1381
1872
2763
1
2564
3270
0
1604
2171
2628
1110
3295
1136
1508
0
0
0
2155
0
0
1232
0
2456
3143
0
2361
2149
3036
1162
1615
2430
1
0
0
0
1957
3265
1
1490
2246
1244
1696
0
1501
0
0
1447
0
0
0
3194
1080
2628
1793
2999
0
3289
3437
0
0
0
0
2478
0
0
0
0
2228
2
0
1218
2468
3411
0
2946
1
2282
2902
1384
0
0
2234
2838
1534
0
3378
1919
2968
1052
1914
1467
1376
1147
1453
0
2904
1345
1894
2254
2858
1789
0
3408
1162
3310
0
1064
1214
1856
1842
2531
1
2323
2091
1986
992
0
1
1284
3287
2789
0
1207
1471
0
0
3414
1840
1152
1222
2370
1941
2704
0
0
1
2427
2006
2375
0
0
2292
2596
0
2118
1822
1
0
1362
2037
2156
2956
2956
0
3436
0
2194
1
0
1977
1
2721
0
1102
2859
0
2
2667
3135
3161
1
2931
1104
3282
0
0
0
3050
993
1
0
0
3178
1876
2128
2182
2377
1402
0
0
3064
0
2306
0
2259
3321
0
2307
1105
3196
1781
3327
0
3284
1139
1305
1
0
0
0
2
3420
0
0
1741
0
2491
0
1757
0
1217
2421
0
1936
3080
1694
0
1
1
3307
1
0
3155
0
1922
0
2234
1316
2381
1548
1
1963
1
0
1488
0
2726
3386
1890
0
2243
1554
1085
0
3382
3393
1873
2503
2131
2607
2567
0
0
1987
1241
957
1798
2098
1
0
2486
0
1733
2262
1628
3102
2
0
0
2
0
2289
1082
1410
0
1576
1213
2259
2349
3225
3363
1592
2570
1053
0
0
1405
2263
3277
2231
2603
1690
2685
2761
2446
1
1033
2202
1885
0
0
2210
1524
2771
2545
1385
0
1466
1127
0
0
2335
3182
1105
2277
3271
1452
1300
3330
0
2593
1
0
3002
3072
3328
0
0
0
2857
0
0
2329
0
1631
1
0
0
2796
2225
1435
0
1628
0
3310
2200
2410
2346
0
1489
1927
3393
1737
1
2862
0
2965
1
0
2
1465
1049
0
0
1547
1728
931
3158
986
3012
1
2046
3261
3373
2587
2702
2643
1535
0
0
1790
0
1917
0
2441
3035
2191
1
1614
2944
2
0
3074
0
3166
3173
905
2334
2047
1421
2429
0
2931
3347
1
0
0
1542
1943
2045
1169
1
2092
0
0
0
925
0
1909
2
2718
1571
1728
1669
1798
1624
0
2687
1321
2842
0
2577
2404
1686
0
1489
3318
1980
0
2896
1
2941
1130
0
3093
1057
2910
0
3178
2761
3031
1442
0
1880
1585
2795
976
0
0
2929
2180
2733
1183
0
1
1888
0
0
2579
0
2095
1930
1589
0
2521
1
0
902
906
1
1413
2715
3254
2813
1893
1543
3244
1876
2585
3005
0
0
2863
1349
0
1895
3352
1013
0
1990
1466
1872
3209
0
933
1779
1748
3009
1
1578
1559
0
3208
1452
2872
0
2052
2572
2561
0
3206
0
0
1
0
1
2699
3108
1
0
2507
2
0
0
3276
2060
1763
1
0
2288
3013
2028
3036
2452
2
0
1
3026
3068
2993
2111
0
0
0
0
1
1
1845
0
1429
0
3260
1011
1082
2138
1813
1
0
3312
2594
1034
0
3202
1904
2647
0
892
3142
0
2004
0
2673
1769
3043
1412
1670
2731
1
2325
1
3327
2526
0
1598
0
3153
2160
3118
1
2565
0
2383
2422
2207
0
1
2130
1090
2311
2391
2624
2938
2293
2916
1511
2615
2645
2458
1394
2139
2520
2181
1590
1593
0
1120
1
0
1484
0
1444
0
2761
1831
0
2427
3235
1
3289
0
3321
2815
1398
3092
1
2965
1271
0
0
2878
2402
2147
3012
1231
0
0
903
1481
983
3309
2678
2069
1689
1781
0
880
2295
3191
2559
2991
0
1161
2674
2393
1045
1764
1927
0
0
1669
1280
2585
1555
2694
2862
3056
1
1
0
