91 98
50536 26732 59528 17408 25626 12269 61653 24482 15569 46974 35877 41032 1657 58489 64414 16132 34802 56357 17640 13071 59591 9727 35392 19950 11370 39373 37125 59064 59671 719 34353 46962 64253 16441 2829 5503 50238 24691 45798 29370 10565 30963 47735 25170 5785 15008 60472 48665 11933 4139 44989 48277 21597 27788 49162 41267 24896 14626 49403 30733 39653 2345 62688 52160 11663 6708 61914 45837 13563 28140 4018 8269 2848 26458 19552 65472 60239 2694 28839 29910 58861 48592 63359 27273 19667 38137 12396 65113 25820 40920 45449 
26 80
57 60
27 86
14 71
10 20
17 67
40 79
16 35
4 61
49 61
9 70
38 70
15 33
14 34
4 75
43 85
28 67
59 69
46 83
35 59
69 73
22 72
22 68
9 16
33 85
10 20
19 80
19 75
67 72
10 16
31 85
46 50
3 20
34 66
72 82
21 75
3 32
23 58
16 59
4 60
35 56
9 45
24 81
17 43
25 41
36 79
58 87
43 62
60 64
34 42
46 58
36 82
35 91
10 18
72 78
22 42
74 76
26 48
13 48
75 88
22 57
18 30
19 88
1 81
32 67
20 36
7 79
34 53
6 29
6 14
24 78
43 84
3 16
38 58
53 87
25 37
39 82
8 84
50 79
27 34
37 48
13 49
23 26
49 61
50 63
38 40
29 87
34 68
11 18
6 88
4 41
4 12
9 89
34 58
45 63
23 90
16 57
10 39
