1000 968
59871 10467 28067 864 36775 28428 52065 44519 64672 57166 27548 45627 17096 56293 21392 36235 44686 32664 22971 18946 53560 64525 38862 52148 6438 60382 61474 47731 61514 20632 61321 32191 62233 1813 11522 48937 62231 29310 49205 59590 28168 42132 54528 40959 49580 19310 25355 38990 59578 3981 29151 64229 9158 42261 6008 45169 58680 54424 49284 35467 9832 32519 65241 36778 10985 32140 62017 20677 9557 52942 12383 22684 28072 38774 42024 44883 45876 15391 29837 3944 55537 56 23005 11163 46668 52350 52123 16269 42789 14041 60242 8671 49961 54117 17323 393 38772 63282 17098 38298 39487 43438 17282 24433 41770 37138 6598 24558 31089 39039 27163 12062 38239 39010 51148 54859 15164 35612 56658 1623 63224 37910 64226 36637 18717 27059 34064 44211 36138 15755 8014 47300 62162 32381 16880 37348 41769 10603 49 20718 32604 14428 42929 59352 6503 23674 59668 17551 23919 3944 13243 4559 38165 33852 26828 33732 4190 19116 20567 13479 48358 7622 10300 29233 39319 49177 26776 31685 45762 60010 42558 38781 19944 59908 27365 4673 27390 31997 37485 60508 9108 22725 19067 34323 527 65262 31910 29608 47956 53093 43671 21645 25922 37136 29244 12711 16407 48751 56143 46402 22109 844 24821 55414 34501 19626 15928 43271 54099 8538 1113 53291 6533 21585 38785 37038 35016 29104 18663 57139 60752 54405 33231 571 10174 16400 61666 55508 48546 14876 21601 54919 8662 37968 29413 58941 57549 41552 42903 13417 45234 34779 38528 21359 61392 26056 64098 32575 32456 27816 63572 6274 57843 46423 50958 15864 34142 56670 47041 57658 36277 53747 56687 50154 20370 62443 62954 35814 22172 17774 53458 11025 10210 6885 30737 3108 32955 50967 11031 22233 25049 34606 25320 44033 48817 22271 11406 8557 10551 21584 22627 28235 43169 39791 30151 43135 52696 1388 41953 51364 4290 63421 43740 1584 23103 48861 15660 63538 47211 21686 6111 15032 30334 21712 29725 33637 24713 48532 43818 51934 51681 5120 48910 9506 51702 60407 3071 51042 54772 51583 56935 39905 36628 5751 3789 47104 60488 48632 62501 46215 40776 2718 33543 26106 63447 3952 7167 52399 14442 22018 48419 38979 50277 26011 24583 48652 12136 60829 410 61713 57784 16068 39731 55731 55308 43024 43290 809 1534 50103 49961 17964 55589 46643 4384 21208 110 65122 1293 55993 20059 54517 46188 49502 4474 46828 29763 36925 9035 33597 5963 31536 47051 48687 4155 1142 61900 5097 34897 23553 18596 22866 2713 23239 48618 31451 61276 47033 52855 37166 29498 48286 19921 55872 1304 27318 60065 35520 47585 1096 32285 45476 55803 59695 20252 52866 13619 62308 39180 32204 39827 205 4373 50670 63952 35088 26719 46205 49672 48254 1863 9212 44158 32373 38823 27247 29870 43956 63216 4971 40672 63413 40820 9258 58051 570 56034 15507 16048 3940 42838 36085 10104 9504 60886 39800 13509 65072 24243 42146 46597 15652 58325 42143 61613 56036 52468 4155 49469 25147 59233 19913 6997 46091 53785 15806 63843 14816 1670 31180 704 22506 38222 45715 3707 32843 49307 55216 5002 38562 18670 15606 6419 36146 41651 55623 56150 37603 57196 64655 21192 12378 14076 51250 4929 63545 39869 33457 31938 57016 35908 50823 41754 52035 18957 38561 28386 46446 35358 58820 29328 33148 365 27697 32885 5509 8278 21390 19034 23102 34107 41883 20295 13531 20247 17663 35553 38405 40351 58833 16346 38041 28446 31368 43073 42483 55525 21426 36048 52666 55048 37558 34133 60908 1867 3950 53966 13732 8642 504 56846 14482 48950 58203 24109 16662 61783 41288 3874 41903 63568 23193 13900 32691 56909 56707 46905 58426 15192 39735 22319 62463 13591 59947 8529 35231 55666 24966 1013 43556 51318 53958 15816 41433 4638 3325 19947 56388 22739 52727 53696 9957 5641 54541 55060 61626 6420 55242 37690 18451 62499 24000 47931 51997 62325 19896 13861 33082 43497 29905 47277 61255 42611 42990 16109 2164 10888 25477 49089 33512 43162 57753 63537 36798 6744 33233 20569 31168 52305 30840 28623 11018 49580 52429 54105 58675 54106 34932 53200 5374 1752 34867 11727 4271 31651 37754 46016 47667 63625 21834 61552 53726 40607 57212 59479 36388 41657 35420 31236 37583 57232 65017 730 38766 16251 40931 29202 8579 15209 64502 5664 25102 2984 46122 18252 47536 43023 42923 6106 57705 60967 8790 43852 16490 5670 51107 28126 15426 44814 60359 38264 36955 7233 57618 58055 1476 26431 60022 38460 16097 24178 649 55974 15256 16090 52904 44348 49357 21316 51893 65305 5554 33433 55795 36232 61217 26317 4568 48656 53033 56092 50520 12358 4559 36231 11235 44386 7499 36178 54360 12841 32699 1361 24932 40698 37836 24063 45405 64985 9890 25697 10920 63994 39524 34593 15708 47557 47211 11818 61375 5494 854 15060 54011 17007 51087 17198 19351 8485 53345 45719 8292 35236 46741 28022 27245 54017 21486 18395 50942 33161 187 3165 37532 62321 36998 6676 1212 33676 15102 46822 41238 47025 56867 47822 47389 49826 55496 50818 59130 50544 4143 26361 41361 48830 38084 34405 26971 51800 22321 23218 38965 13941 63599 48880 17122 8045 25365 37859 14347 46979 4496 63291 11575 7755 46578 33206 1493 27777 35033 59351 41783 34104 54790 13439 2340 14850 50825 3969 2678 40532 57612 61247 819 10893 2805 22683 31896 1149 16539 56556 35149 35664 39143 44750 64823 910 48627 25455 26176 12065 20607 63394 60138 24186 49089 27719 63326 46270 63627 34408 43918 33319 24199 53322 29770 20288 14917 8197 43818 7710 21732 52595 32124 148 53290 8935 10272 36990 6392 30627 41577 18372 41062 24703 25191 4372 34074 50066 26969 52412 48824 36060 24127 54593 55818 13148 55645 57982 58310 50963 51025 24928 54525 65185 36990 9155 11906 50152 33259 33637 39729 17235 9316 34622 35155 50807 455 54061 8399 62372 5769 56107 23859 36323 40580 50271 34795 14299 8565 50254 15776 1133 11271 23736 10444 44064 38046 22978 14314 33564 16233 19804 60620 9943 37493 18224 27532 37867 39066 9974 26160 14109 37550 2609 43506 31847 48688 32761 26018 58445 24471 32257 4964 37566 41978 53341 5747 55025 46656 49398 8833 5869 19782 57318 19395 11398 4502 23928 58840 
293 960
821 870
157 423
52 615
731 889
555 734
258 462
533 606
657 744
189 243
138 849
280 790
114 209
599 829
175 191
172 274
245 695
370 941
201 604
86 382
355 782
100 875
581 907
234 352
70 529
17 944
579 714
862 922
257 617
445 648
214 341
751 910
247 903
294 909
112 800
550 593
289 612
156 347
891 977
898 987
665 736
330 676
340 344
203 477
192 718
499 687
5 858
90 301
313 948
283 347
41 190
775 961
201 473
94 616
14 473
163 608
578 909
212 488
51 91
604 698
168 533
428 696
643 760
161 874
64 814
110 721
446 723
4 735
499 694
17 48
357 542
333 823
466 513
285 843
15 782
174 534
334 549
225 555
430 976
429 815
109 626
426 910
412 882
683 745
395 940
177 726
191 933
692 944
89 697
220 345
206 893
18 176
186 912
165 941
317 454
308 758
321 388
268 549
1 911
765 903
768 801
912 971
404 745
871 885
90 271
688 908
255 635
16 617
426 943
357 732
476 979
616 986
219 416
12 359
60 395
231 856
245 786
417 477
676 960
242 851
107 740
813 876
58 375
198 690
881 928
62 493
611 718
277 552
555 974
723 990
392 686
96 293
22 508
204 300
77 373
413 553
223 778
975 1000
517 762
118 397
274 294
45 609
189 550
438 610
199 796
851 992
376 440
143 452
562 686
236 383
74 355
180 927
872 985
84 792
411 522
551 856
130 165
508 687
31 129
649 721
527 846
823 885
118 465
499 937
429 486
5 626
671 731
502 913
2 87
347 755
350 607
301 343
344 742
432 584
77 492
228 245
279 856
34 388
859 985
225 395
427 990
541 712
98 834
194 471
508 765
109 616
205 757
18 339
366 833
29 174
33 763
268 498
563 775
328 727
467 959
26 372
651 926
123 361
725 755
17 378
270 292
411 566
138 482
160 709
147 287
130 804
363 696
233 255
618 782
424 765
164 579
106 293
274 320
274 633
74 147
202 339
369 548
196 770
662 708
361 576
263 913
11 97
374 546
477 973
718 903
770 874
69 490
141 374
515 800
443 972
221 455
74 851
647 762
164 552
475 669
808 957
106 966
527 758
21 747
696 949
136 397
352 378
123 307
74 881
582 619
313 855
508 947
380 711
59 782
220 672
377 969
15 867
402 925
76 957
899 910
958 995
166 386
323 585
451 900
809 897
166 440
361 737
139 252
77 427
354 411
346 563
179 308
366 739
216 382
839 881
236 990
783 875
34 216
124 332
81 358
385 944
98 579
363 528
273 778
400 900
106 821
151 794
247 409
502 524
376 423
360 953
759 890
84 173
232 382
289 571
186 216
15 101
634 673
647 986
79 262
280 556
677 763
925 950
251 252
187 1000
703 978
333 487
49 406
169 207
149 912
210 359
363 479
146 281
405 744
67 337
157 870
284 802
295 360
806 822
129 248
420 861
756 910
255 688
394 516
92 242
114 767
527 705
65 332
245 453
797 862
236 989
218 640
260 512
394 871
86 219
200 952
81 779
15 746
933 942
544 721
87 987
256 465
207 596
89 930
553 966
213 221
419 478
697 756
482 924
12 539
885 919
670 789
286 354
152 656
164 713
348 866
297 834
397 572
153 175
444 859
314 511
437 455
31 946
713 757
427 728
505 995
275 742
395 651
164 868
25 450
865 912
49 445
581 743
248 644
795 930
620 783
896 910
331 959
377 795
204 542
56 378
732 806
90 683
312 562
869 957
162 401
263 791
407 712
620 888
644 944
565 789
372 477
426 588
762 818
251 989
565 775
246 468
105 978
183 891
373 758
315 961
358 765
273 902
262 284
235 268
533 776
34 424
84 319
330 417
685 937
356 691
454 679
438 899
800 852
546 989
834 978
28 688
188 442
340 841
430 701
75 564
588 615
57 60
736 969
369 426
554 767
140 180
681 921
63 133
648 948
181 280
285 867
351 976
148 670
645 798
363 553
111 169
280 584
637 970
56 406
252 527
445 962
150 394
68 965
269 581
84 690
289 711
614 867
181 823
410 636
561 733
614 978
182 361
62 989
150 658
585 779
50 961
493 903
283 314
420 847
195 311
47 955
62 195
845 995
225 303
347 646
243 467
616 918
692 894
321 725
399 848
186 765
451 690
244 619
183 477
537 690
799 907
244 864
117 386
2 114
568 889
649 779
19 708
123 667
594 726
377 614
294 828
130 749
138 538
432 698
19 917
181 183
217 499
221 720
499 627
247 675
827 923
371 942
187 475
714 849
233 847
354 953
181 284
240 704
498 552
145 341
173 561
323 662
319 469
173 289
72 680
22 94
656 688
266 650
621 850
535 965
638 702
719 800
220 439
30 765
107 210
14 953
414 423
26 205
59 726
660 864
614 852
495 814
433 995
49 404
802 908
60 603
737 797
464 782
414 619
583 743
94 565
123 569
348 925
461 801
408 720
56 817
52 543
167 359
621 668
553 789
62 924
531 557
470 653
284 686
128 262
474 780
642 987
626 906
372 821
365 456
762 836
469 657
496 728
313 551
241 916
167 958
215 318
146 472
19 551
20 562
31 335
324 722
364 794
950 1000
163 822
17 904
644 740
541 851
42 291
486 701
88 758
24 998
39 449
109 187
91 981
179 637
439 737
142 944
325 982
303 933
60 103
238 732
16 439
636 765
378 880
355 412
535 841
224 833
291 752
7 918
136 774
28 213
135 918
105 733
92 585
190 777
407 548
705 881
413 465
186 808
719 843
320 433
72 888
63 900
521 722
287 729
364 670
108 756
567 841
774 987
25 596
681 778
5 216
484 630
375 743
473 624
90 653
48 356
907 974
255 383
136 989
27 538
139 551
55 699
337 912
310 889
347 739
197 613
258 882
598 687
881 915
223 974
323 479
378 519
338 832
92 846
200 875
445 657
355 516
402 810
349 402
833 966
8 290
795 983
170 636
205 741
849 924
749 770
50 526
332 677
76 97
28 52
376 784
777 910
335 796
314 874
669 673
13 971
470 656
617 888
727 949
65 854
866 911
641 846
559 614
727 948
358 718
307 527
330 784
269 366
103 757
270 284
148 797
860 995
176 379
553 987
428 863
521 781
194 395
128 141
502 533
656 928
148 412
219 311
232 598
298 363
390 807
19 913
339 442
288 450
438 796
15 274
859 972
702 731
446 660
86 224
557 762
289 880
479 680
963 988
348 608
160 195
62 192
15 587
528 645
74 988
604 949
552 797
319 731
409 560
712 955
14 452
42 202
541 699
475 657
25 745
285 973
81 733
324 999
145 228
50 364
419 799
795 905
313 674
933 947
105 612
371 887
27 424
203 322
546 623
253 790
613 875
86 434
505 705
329 731
95 765
290 870
177 573
418 822
408 768
55 74
63 905
236 333
427 888
73 147
51 940
22 415
133 516
724 842
490 699
579 639
151 704
87 304
664 806
494 533
507 997
249 861
592 693
21 750
679 697
110 472
700 765
319 453
221 242
243 385
139 667
947 969
688 860
316 861
534 949
40 899
82 779
71 571
215 904
306 377
175 460
580 768
51 66
306 893
244 381
409 685
607 900
476 953
120 319
492 507
377 757
407 451
452 528
489 500
698 969
34 733
402 584
50 596
250 944
534 810
570 970
133 397
179 290
474 872
557 818
250 475
91 945
316 622
599 601
399 602
684 848
168 341
61 607
71 961
252 521
575 795
274 884
164 639
651 699
814 833
195 602
744 752
185 722
766 790
430 806
75 272
385 650
664 711
132 261
317 834
165 485
301 908
818 854
28 706
67 520
669 817
14 635
211 565
542 803
783 950
320 332
366 476
865 951
13 249
711 792
404 769
418 943
124 213
659 761
517 993
31 304
910 988
527 922
235 638
420 792
276 728
296 902
4 30
337 765
424 730
528 648
419 687
296 508
43 125
319 536
268 921
225 592
408 456
533 576
294 480
821 840
406 613
120 508
93 830
559 604
124 934
231 603
799 942
295 726
471 990
184 808
644 866
88 396
151 457
79 723
75 932
326 914
77 910
146 450
234 857
54 823
187 658
858 923
589 769
485 851
134 661
7 472
248 424
842 886
905 975
127 403
91 891
776 944
126 233
478 481
51 597
353 937
304 997
437 556
325 523
207 389
228 664
77 770
200 420
14 982
275 920
285 536
373 743
704 876
53 135
423 881
392 780
70 641
351 722
308 494
612 771
515 870
278 580
412 471
282 899
502 759
333 800
30 837
433 849
577 908
591 716
535 707
42 562
252 463
348 679
346 376
55 314
146 404
271 925
82 235
416 883
226 269
162 901
378 777
484 744
231 962
462 869
222 795
27 757
40 783
112 180
617 828
12 964
512 931
254 578
277 935
55 910
219 733
129 170
242 640
91 794
17 669
228 899
318 769
41 70
208 269
133 225
