1262679
1262636
1006320
609491
483935
483837
483823
483810
326842
326842
326823
326823
326823
326823
326760
326700
326700
326700
326693
326693
326693
326693
326693
326692
326687
326687
326687
326687
326687
326687
326685
326685
267167
267167
267167
267167
267151
267151
267151
267151
267151
267151
267151
267151
267151
267151
254758
254758
254758
254758
254758
254758
77507
77507
77507
77507
77507
77507
77507
77494
77494
77494
77491
252
252
252
252
252
252
252
252
252
251
251
251
251
251
251
251
251
251
251
251
251
251
251
251
251
251
250
250
250
239
239
239
227
227
227
