11039958
11039450
6557071
3185105
3183883
3182568
3182326
3182244
3182107
3182021
3181195
3181038
3180725
3180695
3180695
3180681
3180681
3180085
3180085
3179731
3179731
3179681
3179643
3179643
3179445
1783027
1783027
1783012
1783012
1783012
1783012
1783012
1783012
1783012
1783012
1783012
1783012
1783012
1316977
956435
956435
956435
956435
956435
956435
956435
468389
468389
468385
468385
468350
468336
468336
468336
468253
468253
468253
468253
468253
468253
468253
468253
468253
468253
468253
468253
468253
467271
467271
467271
467271
467271
467271
467271
467269
467269
467269
467269
467247
467247
467247
467247
467247
467247
467247
467247
467247
467247
467247
467247
467247
467247
467247
467247
467247
467247
467247
467247
368865
368865
368865
368855
368855
368855
368855
368855
368855
368855
368855
368855
368827
368748
368748
368746
368746
368746
368746
368746
368746
368746
368746
368746
368746
368746
368746
368746
368746
368746
368746
261340
261340
261340
261340
261340
261340
261340
261340
2184
2184
2184
2184
2184
2184
2184
2184
2157
2157
2157
2157
2157
2157
2157
2157
2157
2157
2157
2157
2157
2157
2157
2157
2157
2157
2157
2157
2150
2150
2150
2128
2128
2128
2128
2128
2128
2128
2128
2128
2128
2128
2128
2125
2125
2125
2125
2125
2125
2125
2125
2125
2125
2125
2125
2125
2125
2125
2125
2125
2125
2125
2125
2125
2125
2125
2125
2125
2125
2125
2125
2125
2125
2125
2125
2125
2125
2125
2125
2125
2125
2125
2125
2125
2125
2125
2125
2125
2125
2125
2125
2125
2125
2125
2125
2125
2125
2125
2125
2125
2125
2125
2125
2125
2125
2125
2125
2125
2125
2125
2125
2125
2125
2125
2125
2125
2125
2125
2091
2091
2091
2091
2091
2091
2091
2091
2091
2091
2091
2091
2091
2091
2091
2091
2091
2091
2091
2091
2091
2091
2091
2091
2091
2091
2091
2091
2091
2091
2091
2091
2091
2091
2091
2091
2091
2091
2091
2091
2091
2091
2091
2091
2033
2033
2033
2033
2033
2033
2033
2033
2033
2033
2033
2033
2033
2033
2033
2033
2033
2033
2033
2033
2033
2033
2033
2033
2033
2033
2033
2033
2033
2033
2033
2033
2033
2033
2033
2033
2033
2033
2033
2033
2033
2033
2033
2033
2033
2033
2033
2033
2033
2033
2033
2033
2033
2033
2033
2033
2033
2033
2033
2033
2033
2030
2030
2030
2030
2030
2030
2030
2030
2030
2030
2030
2030
2030
2030
2030
2030
2030
2030
2030
2030
2030
2030
2030
2030
2030
2030
2030
2030
2030
2030
2030
2030
2030
2030
2030
2030
2030
2030
2030
2030
2030
2030
2030
2030
2030
2030
2030
2030
2030
2030
2030
2030
2030
2030
2030
2030
2030
2030
2030
2030
2030
2030
2030
2030
2030
2030
2030
2030
2030
2030
2030
2030
2030
2030
2030
2030
2030
2030
2030
2030
2030
2030
2030
2030
2030
2030
2030
2030
2030
2030
2030
2030
2030
2030
2030
2030
2030
2030
2030
2030
2030
2030
2030
2030
2030
2030
2030
2030
2030
2030
2030
2030
2030
2030
2027
2027
2027
2027
2027
2027
2027
2027
2027
2027
2027
2027
2027
2027
2027
2027
2027
2027
2027
2027
2027
2027
2027
2027
2027
2027
2027
2027
2027
2027
2027
2027
2027
2027
2027
2027
2027
2027
2027
2027
2027
2027
2027
2027
2027
2027
2027
2027
2027
2027
2027
2027
2027
2027
2027
2027
2027
2027
2027
2027
2027
2027
2027
2027
2027
2027
2027
2027
2027
2027
2027
2027
2027
2027
2027
2027
2027
2027
2027
2027
2027
2027
2027
2027
2027
2027
2027
2027
2027
2027
2021
2021
2021
2021
2021
2021
2021
2021
2018
2018
2018
2018
2018
2018
2018
2018
2018
2018
2018
2018
2018
2018
2018
2018
2018
2018
2018
2018
2018
2018
2018
2018
2018
2018
2018
2018
2018
2018
2018
2018
2018
2018
2018
2018
2018
2018
2018
2018
2018
2018
2018
2018
2018
2018
2018
2018
2018
2018
2018
2018
2018
2018
2018
2018
2018
2018
2018
2018
2018
2018
2018
2018
2018
2018
2018
2018
2018
2018
2018
2018
2018
2018
2018
2018
2018
2018
2018
2018
2018
2018
2018
2018
2018
2018
2018
2018
2018
2018
2018
2018
2018
2018
2018
2018
2018
2018
2018
2018
2018
2018
2018
2018
2018
2018
2018
2018
2018
2018
2018
2018
2018
2018
2018
2018
2018
2018
2018
2018
2018
2018
2018
2018
2018
2018
2018
2018
2018
2018
2018
2018
2018
2018
2018
2018
2018
2018
2018
2018
2018
2018
2018
2018
2018
2018
2018
2017
2017
2017
2017
2017
2017
2017
2017
2017
2017
2017
2017
2017
2017
2017
2017
2017
2017
2017
2017
2017
2017
2017
2017
2017
2017
2017
2017
2017
2017
2017
2017
2017
2017
2017
2017
2017
2017
2017
2017
2017
2017
2017
2017
2017
2017
2017
2017
2017
2017
2017
2017
2017
2017
2017
2017
2017
2017
2017
2017
2017
2017
2017
2017
2017
2017
2017
2017
2017
2017
2017
2017
2017
2017
2017
2017
2017
2017
2017
2017
2017
2017
2017
2017
2017
2017
2017
2017
2017
2017
2017
2017
2017
2017
2017
2017
2017
2017
2017
2017
2017
2017
2017
2017
2017
2017
2017
2017
2017
2017
2017
2017
2017
2017
2017
2017
2017
2017
2017
2017
2017
2017
2017
2017
2017
2017
2017
2017
2017
2017
2017
2017
2017
2017
2017
2017
2017
2017
2017
2017
2017
2017
2017
2017
2017
2017
2017
2017
2017
2017
2017
2017
2017
2017
2017
2017
2017
2017
2017
2017
2017
2017
2017
2017
2017
2017
2017
2017
2017
2017
2017
2017
2017
2017
2017
2017
2017
2017
2017
2017
2017
2017
2017
2017
2017
2017
2017
2017
2017
2017
2017
2017
2017
2017
2017
2017
2017
2017
2017
2017
2017
2017
2017
2017
2017
2017
2017
2017
2017
2017
2017
2017
2017
2017
2017
2017
2017
2017
2017
2017
2017
2017
2017
2017
2017
2017
2017
2017
2017
2017
2017
2017
2017
2017
2017
2017
2017
2017
2017
2017
2017
2017
2017
2017
2017
2017
2017
2017
2017
