917
766 91
738 313
646 508
699 298
399 99
291 514
367 423
498 626
330 376
340 557
67 545
1 386
55 740
658 70
670 109
328 745
649 259
113 282
306 894
840 667
684 139
496 7
903 788
99 47
366 914
117 302
503 308
107 859
253 824
247 669
199 507
195 95
210 808
346 448
636 887
217 794
66 810
241 696
719 875
914 287
599 165
474 370
729 227
858 703
127 220
859 115
516 483
40 465
43 191
419 818
624 728
401 68
800 295
598 293
131 223
641 380
821 707
475 741
335 239
539 430
350 468
8 658
76 659
796 822
876 100
421 345
644 346
289 436
327 544
294 484
16 657
471 221
301 304
754 713
691 183
654 159
449 796
181 54
838 540
481 8
651 730
389 727
886 600
136 548
447 779
212 732
484 182
656 902
863 641
238 328
410 30
607 852
130 851
695 176
264 56
733 361
521 377
439 134
708 193
431 893
368 504
542 178
554 846
347 400
352 864
910 369
907 88
531 607
560 538
794 826
862 866
479 368
73 858
129 94
805 806
149 724
561 604
773 2
582 373
143 162
856 258
5 285
56 861
146 891
3 80
417 710
42 443
138 664
139 211
278 772
716 381
300 908
679 642
901 330
11 622
404 836
799 552
828 39
788 695
771 655
379 33
362 98
653 584
517 847
98 567
331 804
208 77
433 674
576 588
82 701
194 702
591 45
614 683
759 29
605 492
672 306
196 490
316 195
152 402
847 110
230 207
477 528
268 474
160 452
811 19
823 700
778 432
326 487
513 378
411 812
743 840
290 856
721 55
816 762
747 874
224 446
348 536
616 554
798 760
122 52
590 375
587 297
165 89
536 823
756 573
205 75
214 580
473 44
873 505
267 146
325 168
408 358
190 912
97 879
683 174
619 388
742 332
622 414
176 477
383 62
630 445
191 231
642 440
360 152
871 319
64 886
581 803
548 618
420 431
246 335
200 736
669 6
283 643
751 814
336 775
244 869
145 222
240 97
518 502
259 34
687 147
526 457
74 581
159 916
441 286
546 563
365 36
125 560
784 255
850 210
509 105
274 204
596 593
628 148
162 673
242 203
698 835
206 131
36 915
567 12
692 425
402 153
488 38
731 40
839 754
255 208
395 699
245 594
841 899
722 219
499 420
852 777
512 850
741 684
232 303
223 173
271 625
900 281
718 652
817 680
155 572
482 517
75 820
380 294
660 409
634 434
333 76
161 398
891 550
595 27
84 511
489 22
93 757
465 444
21 338
279 469
430 523
915 449
429 435
68 839
94 333
783 499
736 640
124 844
375 501
418 137
495 69
341 14
592 471
688 637
137 206
448 537
664 188
203 693
861 636
820 733
72 218
407 57
739 126
916 628
235 101
730 26
637 889
777 682
275 811
502 807
32 690
524 372
114 617
557 742
187 48
354 341
172 161
678 561
308 5
339 578
369 390
377 42
266 253
13 592
911 613
398 531
793 401
48 620
763 482
96 897
564 58
359 229
892 351
292 217
553 845
296 534
882 819
680 248
150 84
403 411
59 653
735 795
476 228
881 752
234 292
511 848
372 743
575 496
631 24
19 399
791 890
912 532
201 365
760 151
585 404
787 441
158 896
126 881
867 475
458 264
356 177
750 18
894 198
276 260
58 275
522 679
57 551
106 758
209 13
182 224
156 417
797 350
193 867
615 633
853 569
400 200
466 459
737 133
65 142
211 92
702 394
249 271
388 720
44 387
819 478
895 884
7 310
673 1
541 237
10 906
618 359
545 768
299 763
305 805
345 495
604 353
111 256
879 202
207 479
273 460
505 291
491 289
740 447
434 870
732 834
468 524
494 311
812 314
746 660
633 196
141 694
228 144
349 396
563 300
236 634
908 585
804 543
157 739
776 776
520 3
309 608
463 428
252 166
39 753
671 705
453 67
626 246
497 827
500 309
140 570
317 87
61 853
135 354
710 382
229 576
807 558
452 821
533 766
77 364
337 854
392 863
28 121
572 433
890 201
188 761
677 722
426 877
258 74
720 610
757 169
786 276
437 186
108 712
772 871
661 809
51 498
528 698
779 574
493 132
313 709
53 31
857 601
885 187
307 356
179 486
282 815
608 688
543 801
570 917
569 125
415 278
62 833
801 50
897 799
869 263
792 723
830 738
749 598
358 789
650 816
322 609
18 363
151 331
361 64
50 770
216 566
865 349
314 605
38 254
26 265
459 426
866 862
836 197
904 96
423 412
713 855
781 108
584 122
34 714
544 180
295 527
168 111
623 135
79 755
446 575
171 53
222 124
467 225
535 876
655 774
525 553
183 656
318 214
397 257
454 571
15 627
394 526
95 868
490 323
285 562
186 321
63 280
705 603
845 535
606 213
594 360
355 240
277 117
123 456
780 251
197 783
842 715
121 488
832 185
559 90
334 787
686 437
49 747
9 277
233 233
868 93
312 9
508 114
704 157
761 119
23 181
717 145
765 519
70 334
639 661
846 516
409 802
116 708
556 651
413 167
134 907
281 326
47 318
262 686
712 288
682 865
803 123
147 685
769 623
424 599
192 385
83 780
501 374
54 513
167 357
689 422
815 506
625 689
302 542
142 533
555 327
46 767
311 909
472 668
164 367
445 786
818 391
825 888
667 765
833 718
617 764
551 793
860 15
27 78
905 284
105 179
457 825
745 509
45 619
578 635
298 283
532 645
568 676
824 403
899 235
909 172
877 35
329 872
510 10
128 413
293 606
353 597
645 520
647 687
470 670
373 905
80 438
843 837
610 800
703 156
443 860
382 307
727 226
782 704
566 236
29 629
22 568
435 416
450 130
14 408
802 515
826 451
573 522
515 493
547 454
154 692
231 771
589 751
4 209
332 842
12 245
220 37
364 782
239 158
163 582
864 631
338 43
243 681
396 25
469 589
88 521
31 467
690 190
755 66
538 828
71 234
758 103
875 106
170 726
694 759
835 748
257 518
478 269
37 71
767 46
806 49
486 638
537 59
597 677
265 421
889 911
166 813
102 312
666 900
20 857
100 199
385 171
529 383
752 455
464 470
829 525
342 746
612 322
250 336
831 406
90 272
874 205
854 590
808 32
638 461
226 279
700 480
549 72
92 662
848 216
351 301
381 497
523 547
261 184
387 769
405 663
213 586
898 73
112 898
270 299
110 817
370 215
17 691
632 424
726 362
272 384
390 737
103 512
659 395
24 466
310 23
593 407
600 735
280 442
303 244
558 194
451 503
577 756
297 138
768 241
681 647
153 232
809 247
81 175
550 150
728 892
640 841
41 650
913 129
263 649
668 565
693 267
219 464
696 154
304 706
571 672
173 28
175 602
674 611
185 238
643 143
648 577
438 883
609 160
225 830
744 127
709 546
629 120
376 189
663 348
917 462
254 639
483 644
837 624
284 646
613 476
344 128
87 397
893 79
527 473
902 83
753 4
425 315
85 616
104 316
574 614
460 149
662 107
676 494
422 249
184 352
204 329
480 882
665 21
579 630
33 296
432 450
86 831
30 163
321 579
237 243
507 41
701 485
711 792
485 104
764 878
260 155
371 371
855 116
883 744
707 250
878 472
461 230
386 427
436 270
580 429
462 347
795 491
428 17
178 65
248 556
320 113
635 305
89 290
887 784
540 596
148 273
133 885
790 895
675 555
2 797
714 510
286 729
363 583
120 749
198 632
218 481
586 910
444 621
119 102
514 913
6 458
91 539
78 86
715 790
455 530
25 671
896 666
785 675
174 140
583 141
60 325
256 112
412 648
35 665
552 615
603 268
384 366
565 439
620 734
774 901
706 415
775 393
180 261
414 164
906 81
391 697
697 274
323 785
621 719
506 500
770 591
324 60
810 463
530 212
762 778
202 11
851 721
456 829
834 320
611 410
427 324
827 843
652 418
748 781
440 587
814 717
884 489
789 798
343 136
822 343
177 453
487 355
519 118
601 379
723 85
844 405
492 612
872 82
251 731
69 903
118 419
144 252
393 262
442 242
315 392
870 678
52 192
227 389
813 340
378 266
504 170
888 20
685 773
169 344
269 529
880 880
406 904
374 559
221 873
287 849
115 549
357 838
602 725
534 595
189 564
101 339
725 654
215 750
288 51
109 63
319 337
562 61
849 541
588 716
627 16
724 317
416 791
657 711
734 832
132 342
