8901
2261 432
6010 5795
8753 3437
8495 5482
5102 2303
833 5641
3857 6746
5173 8306
3361 2077
470 1888
4559 5045
4457 4128
3629 6219
1226 1106
1607 2222
4856 5022
1549 5270
6723 7963
7608 227
6196 1617
2827 2808
8214 2873
222 6073
796 5409
4086 7811
1067 4810
7177 2728
1035 7117
5785 1333
5069 5335
54 3058
3238 4447
2986 7954
6018 5347
1317 6427
6604 7995
5125 4089
2024 4793
2620 2557
7356 1860
5617 6809
8319 6970
6200 3767
6696 8258
2813 3799
6952 7654
7196 1299
3141 7086
6499 3925
3881 4117
3172 1906
8757 2123
2926 983
5086 3378
3598 133
2243 3984
6695 285
3154 3233
4611 4023
5050 4936
1468 4833
1013 6883
3639 7731
5417 917
3661 5666
3530 8643
823 8109
5061 6515
8359 1476
565 7710
8695 7447
316 2548
2259 2621
148 1640
6645 3420
7637 2051
573 8398
4019 7158
5872 1833
3685 40
8297 443
2335 5769
5824 3142
1550 2975
6662 5206
5868 2200
4258 1052
2811 3309
3844 2721
1882 5216
8073 3599
6170 8452
154 1030
3254 7589
8780 5389
8453 530
1996 3065
8171 3909
7452 6884
6895 6217
5713 2948
2638 8008
1768 4780
3292 6826
2103 7524
5551 2459
1396 2990
7332 5383
1809 5456
8541 6793
3951 7468
3262 3399
1857 684
7544 2254
2759 35
3961 6511
4513 4635
3664 5055
608 3578
6968 226
7361 8816
7302 7180
1366 8693
993 2979
8389 7319
6203 2017
6357 1156
6474 937
8666 4549
2304 190
700 7993
2485 719
7168 7565
8411 4841
2723 125
7439 504
6400 3230
6084 485
3766 7016
2036 440
8800 3050
3516 1403
8333 1671
6668 8333
1797 7395
8636 679
8100 1751
4635 6930
391 1692
765 5768
4073 163
5887 3865
8810 8064
847 882
325 634
5427 1592
772 6882
7693 6111
8847 475
7054 8599
2434 1119
3273 1623
1838 3226
309 2468
7515 6571
8422 5631
2318 2339
1044 1961
8608 7518
1725 3884
227 5810
525 6253
1873 89
3096 1098
7383 4786
7324 8266
5479 4297
7325 4103
4017 5312
4131 4655
7781 545
4772 1182
2912 1070
3456 630
6481 3239
4253 2775
3975 3693
925 6187
6915 1057
7702 8625
2872 2742
4188 1127
1811 5543
4142 6764
5306 4650
4768 5708
7812 5749
2930 2142
142 5838
4566 6998
5332 7621
5695 5429
882 8454
3400 91
8385 7229
3390 6507
1420 5455
7173 916
8723 4730
6185 3588
6424 4132
989 5139
7333 7709
7047 129
8659 2508
8590 8429
3802 7182
4280 2916
5607 8597
6056 4421
2469 4280
108 7107
735 6185
7406 839
2862 5176
6839 3691
4545 6964
7563 4798
1914 5318
5094 4867
8456 4784
2351 460
457 1149
55 5387
3712 5778
4745 2545
7139 2026
8222 14
6928 347
3770 6760
8152 4987
4029 8126
2521 1748
2281 992
4584 3620
8142 439
3199 6871
5044 6520
7982 3261
854 241
120 3443
7934 1202
2164 2642
1027 6183
1985 8671
1221 8230
502 7973
8498 7490
7826 1904
2023 2439
156 4907
7829 1788
545 2420
7570 2720
738 1170
263 480
7655 8285
1910 1447
4912 1903
1389 8484
1312 5470
5053 1667
3584 1135
2225 181
884 3164
3947 8132
3159 7506
8808 1996
3657 7324
7779 6414
7594 4409
4271 90
8052 1131
7035 2941
3849 7068
3635 8700
7898 4707
5119 2816
8628 8475
1771 6849
4499 8037
6699 6754
2377 4113
7745 7700
3738 2546
7504 1916
6255 3012
1298 3097
4360 953
8084 3379
3243 6496
5379 8572
5007 7343
3927 5676
5748 2243
3935 5439
4666 3227
8839 1806
3931 2354
731 3998
1737 1717
4126 5466
6037 5336
3978 4556
1125 3576
409 1747
24 5044
798 1879
5009 5905
3506 3005
2114 4980
938 4846
5682 3060
3827 5053
6552 6668
8444 1867
6260 4080
568 365
6529 7799
1966 6509
848 1450
8348 4837
2483 762
7650 1492
4702 2323
1915 6972
7078 4640
2393 2343
554 8683
2042 2854
1665 1404
8874 8373
3459 5519
643 6949
8491 3179
3385 1814
8184 199
1988 6469
1105 4763
510 111
4894 842
6447 6844
3893 559
1359 1647
5005 8762
4650 675
6853 4946
3747 6501
3150 791
277 1829
3203 7734
6883 5990
4643 5894
4295 6209
7468 7296
2299 5050
8211 6790
2455 71
8701 5175
435 4506
2502 1027
3225 3397
6331 5253
1342 2567
7024 3
2752 1662
7450 6086
2322 991
1995 8331
7020 8641
440 2690
8898 8049
492 2368
6854 5296
3810 4056
6239 574
6491 575
4548 7441
6807 7717
3081 434
1257 2885
4349 3932
815 8846
4277 3694
5284 1642
2767 8470
3615 1015
200 4193
1664 3891
8180 6430
6031 680
7478 7966
3007 1533
2297 5133
1524 1540
3017 8055
764 3581
5820 2480
8036 2195
6041 2067
3838 47
6221 1245
6080 1034
8173 6950
1458 3284
6746 4886
6800 6968
1704 2324
8106 3813
1789 5147
1186 2903
4684 8525
1292 1216
332 2264
5886 8426
844 6862
1799 7998
3756 100
2536 2456
8570 944
6787 5052
7224 5898
3381 8218
2046 3803
6494 7935
1515 3200
1445 4389
2605 8354
2033 1527
8875 5142
4202 4621
3486 3558
5727 7576
2451 3823
516 7151
6065 6314
3298 6749
2102 6992
5163 3300
8313 1939
7601 2326
8612 5393
4102 2828
171 3816
6884 6000
5220 4456
8203 1104
4767 8143
4906 4572
6809 1367
8816 2949
8089 926
2192 3335
4841 4739
5174 1141
6949 6859
4139 3224
992 7965
8653 5430
6487 6730
4150 8157
8277 5423
5814 4178
7706 5227
4505 8042
6969 4046
1507 1648
7449 2627
574 8066
4461 8673
212 5025
2330 2025
5893 5970
1453 7504
3529 3345
3110 6743
1113 448
7832 7057
5590 4901
3055 2944
2199 740
2344 8889
2989 1062
4757 3577
8587 2023
165 7419
2910 6085
7635 4090
4181 8856
628 4500
1079 792
1641 2815
8688 4404
6421 2729
4356 5639
842 1160
2323 487
1560 389
2442 7649
7344 2695
5686 8457
4524 6836
5219 6783
3847 8458
5960 1077
4760 1218
4132 3768
3415 6393
1908 7759
292 5033
570 5737
1683 4755
3378 802
5339 4147
1571 7200
5544 4321
2121 624
6001 6488
6403 4246
4268 6796
1391 2130
2070 1678
8097 5283
8210 1397
6694 8309
1815 2705
5650 4943
2216 1878
7535 860
372 5921
4038 1234
5338 2452
3403 3228
563 1585
7465 3504
8526 660
5766 4153
8591 2669
5938 2218
344 6267
4777 2092
1586 6622
7649 8348
7876 3559
7820 1838
5579 2890
5840 837
8618 6332
1190 4825
7614 1058
583 4898
8835 6245
8862 2227
4533 2678
4465 6995
5198 5037
849 3004
53 7338
6514 7193
8026 8323
4838 4532
2293 3986
4162 1816
3726 995
3956 4544
4441 363
7238 6374
1178 7452
4947 195
4810 1448
6390 662
484 6873
6573 5828
4030 668
1800 1039
1315 4617
2163 5039
3874 4700
1486 2487
6898 5496
274 824
1462 3665
8165 329
4430 6828
3487 6087
4281 2740
1161 8215
199 4484
4312 1580
5902 5974
1715 3597
8797 1897
3500 6569
4100 3395
5288 130
2277 1411
985 2682
1699 8824
2402 7261
3261 7471
6220 3244
3558 6965
329 1081
5962 2771
6797 1097
2401 4984
7067 3465
4704 3726
2171 3729
6848 5561
8283 7977
3898 1186
5188 7507
5451 5396
4996 8114
8027 2646
8481 1066
5679 6971
4967 2572
384 7594
7730 4497
3364 6573
5266 6537
4121 6051
3782 8725
1954 6633
1711 5891
430 4933
5172 2623
3260 8350
530 7826
5659 1465
6292 4170
546 8759
6939 451
5866 8479
8447 7583
1154 3452
3599 5108
8516 2152
6335 3662
1307 8613
2308 4156
1290 1369
8690 3214
5380 7670
7279 6693
8322 8220
3948 6348
6627 5505
417 4109
4118 5241
4037 4436
1531 3847
6206 8357
5631 1379
5816 438
1817 4555
814 6263
4576 7955
7166 1871
5591 2281
6547 4444
5182 8423
4878 7873
5358 3741
3168 391
8477 7059
2706 6946
4246 8334
3424 7570
8147 435
2445 5611
4908 2970
6050 8043
6242 2950
5797 4843
4421 3962
6542 7314
5197 6494
4340 2490
1826 5254
4554 5399
5367 2680
5566 4519
1758 5235
3764 8403
1707 8738
4418 7251
3290 2404
5515 6007
8449 3955
2396 4104
4975 6898
4638 1707
328 8580
6408 5091
7764 651
1485 5549
3592 8018
6181 5217
5309 8892
4714 7852
7462 3350
4669 2926
7231 3374
8380 552
611 5544
7205 6172
4575 7793
474 4928
1557 7401
5296 2450
2499 6163
4843 812
385 270
6888 8432
3675 7211
3231 2297
1469 5790
5642 7355
2065 5359
5023 6574
3279 2145
8789 2108
1208 6247
831 2109
234 3585
1921 3804
8759 7794
364 7992
77 2146
5017 5629
8640 1239
5122 7
4823 7188
8112 3463
4984 4942
669 6778
8555 6144
555 4100
8003 6767
4507 2561
4314 4745
1433 4045
4303 988
1220 1942
8009 3344
2339 7300
1242 597
6953 6282
2887 763
7794 8839
7825 6561
723 1289
6355 2804
2327 69
1886 5776
6484 601
6679 4044
5684 7999
7703 6533
1348 6673
4633 4201
1142 5115
7425 3423
1685 1345
3040 8855
695 3723
116 4096
2017 3973
6732 8733
393 8615
235 5093
5318 4217
5804 2347
2978 3878
7719 6375
2196 108
4903 722
1774 5110
7405 8096
940 8397
2677 1752
4101 2003
4885 6708
8649 4551
8749 8087
182 7407
2744 2047
2137 6758
6971 2233
4215 4450
640 6523
8852 4515
3899 388
6701 3916
327 2631
8321 1785
6831 3408
891 8165
4466 555
8518 3045
6774 7927
3407 973
2750 4643
2960 2235
443 3421
8055 103
2975 6020
7418 6274
8405 5868
648 6313
1444 6534
3647 2299
4402 573
6354 7320
7591 5132
8237 7823
982 5458
2774 3352
4332 492
7372 1844
7986 2913
6097 4035
5904 333
816 6454
3605 335
2005 2034
390 4158
5039 3170
3998 2032
4710 1997
8002 8763
7092 4679
8374 6157
4072 872
8672 7564
5350 1830
7042 7644
2841 80
790 1508
1681 8767
6120 2640
5456 7390
19 2159
686 4768
7698 3098
2762 2649
2419 1737
1222 4274
5051 6335
4035 1596
2554 2532
4089 2589
2342 2781
132 998
2735 870
7437 4596
8558 1263
1260 6987
4066 5532
5518 6013
8356 7044
1887 455
1252 4262
6775 6963
3032 2296
7849 1736
4388 1687
2115 3744
1323 8689
3676 8160
4504 8227
3652 4086
5708 2271
6992 6386
2954 6148
5397 7427
6457 8339
225 7932
2776 4378
400 7630
7156 5023
6210 2626
813 7765
8188 2086
3573 3598
3402 314
7080 6328
5609 911
5285 8704
3654 7500
4931 3468
8536 3116
8407 4377
5993 6260
6720 3262
26 7555
7500 4397
6601 8574
8514 4322
2602 3564
3949 932
1196 8631
3620 8376
5705 790
1580 807
8718 7796
1907 5510
5600 7610
6433 2009
7286 3621
2205 3425
6179 8741
4232 7837
7270 955
2796 8560
7712 489
6262 6212
2512 5634
7511 3594
3235 3854
3069 7754
4149 6945
6332 2028
2829 1636
6622 1011
1934 7691
215 6985
3483 685
4020 5826
7199 8193
2056 410
3910 8521
5230 6259
8673 2192
4924 5526
1946 3154
1308 7166
6419 2717
5655 3870
44 7403
2847 1576
4690 4327
6296 4048
5460 5679
5267 7715
1538 7942
1874 7278
2145 4902
6410 6576
8523 7198
4414 5759
827 6666
6194 670
2781 8330
1033 5035
4048 1539
6618 3177
7403 2405
6721 5062
7930 2147
7893 6619
526 4310
7354 5917
3867 8464
7756 395
1480 4018
5143 611
6765 2765
562 6360
8768 7511
3436 145
8714 20
5052 1174
2866 5201
1840 177
7026 7830
6825 8183
8406 6439
6973 2725
4005 6015
8725 7111
8664 6605
4665 5960
2470 5574
2591 6688
2928 5692
1248 8406
6049 5829
2437 3275
6880 1230
3360 304
112 6397
5205 7048
4873 4074
5502 8881
805 556
8510 7549
7715 3033
5964 3061
268 3434
420 5551
2783 3657
2749 8278
1045 7067
2198 5535
2612 2372
5645 4800
2777 2377
6182 3508
7717 3748
996 5287
3994 7685
4803 5134
1814 2018
2097 2817
605 2158
5835 6635
1633 5719
2480 5343
489 7092
6713 2087
6683 7172
5217 7336
4278 3531
2598 6535
7713 7712
4250 3389
5832 6927
6498 3849
2212 6610
3347 2329
6305 8579
2861 3223
8687 1306
6017 5743
7925 1679
6572 5947
7626 4713
4153 5625
6238 7421
5903 1591
2392 5767
881 8245
7813 4520
3237 2188
1313 92
5577 3512
4000 3311
7429 210
1657 5902
3122 5534
6320 6420
123 5887
2113 8825
20 7801
14 296
5575 7641
5387 6389
3368 2843
7352 6258
7122 5830
1055 7164
2484 3737
5647 3371
8455 5610
8022 7345
2003 4273
2555 2770
3479 8341
6099 827
705 7276
4737 3485
4407 4977
6894 6863
3312 6774
5926 8120
2460 6226
1382 5412
6612 5554
6340 390
7711 213
5564 3704
3021 4880
3695 6210
4691 6744
8039 3156
2444 8291
2 1880
2191 1926
7505 6006
4071 7886
8255 2322
2674 393
8187 4248
6234 4911
2542 1577
7072 877
2271 7755
1909 8516
34 5350
6411 8713
2144 8840
5559 5432
5999 6236
1451 1357
1919 4305
3294 2427
6671 1140
2496 7273
8442 2401
7860 3708
3112 154
4671 8477
357 3291
448 8261
832 1633
6742 2493
663 580
3818 3310
1104 3548
3171 1392
169 6147
864 6773
7759 2007
3255 4482
2511 5244
8298 4994
2883 8118
7466 1773
3011 58
7522 1549
6047 357
3031 7161
873 7548
4583 4461
7939 2880
4518 7206
6527 4665
5454 6588
4006 5696
1516 4709
3232 2560
6058 1092
7085 1866
2691 4264
6832 7543
8552 450
2704 8362
2849 2827
6987 5492
3257 166
503 1344
8404 6734
7337 5555
5897 1649
2689 5125
133 8380
7620 4914
6440 1295
1145 497
5514 2253
1706 2398
4538 8695
3422 63
3345 1515
3843 66
7869 165
2128 132
7428 7467
808 8332
4845 7293
1733 4906
3743 7577
3125 5931
595 3528
8641 2576
3322 6664
8492 5557
7316 4727
964 4188
2701 4723
8381 1281
1452 5762
7118 402
2476 5077
2061 1204
746 5966
8483 3570
4980 7552
1344 4051
8646 7303
3588 2513
1639 5878
23 4613
1025 5263
2338 5550
2029 2566
5812 4865
914 2760
3302 6557
7611 1037
2880 7668
859 3843
7179 7260
2712 8611
5154 5006
1740 7943
68 6063
6805 4772
8676 6617
1376 2042
2025 8104
1687 7035
7211 2400
3813 1297
5994 1628
550 3874
2893 2904
8108 2355
1673 7091
2176 3117
1615 6837
6846 3079
1432 1973
4143 4681
4689 278
7111 1988
2230 1067
5755 1072
3135 643
3643 5422
4763 4256
398 6039
4957 4268
7392 7292
7861 774
1744 2782
2858 2611
4663 3278
1029 622
8741 2165
1294 2985
4010 7625
3723 8017
8774 3727
8370 8431
8527 1022
2529 6657
455 4167
6941 6356
3757 4534
2134 3122
6902 5703
4284 5265
8617 6591
4381 1053
5003 8524
2179 8260
5731 8495
4226 5281
6343 7299
922 787
5 5771
6766 383
1690 1059
2897 537
4646 2968
5847 8435
2504 2718
3102 4385
1112 4236
6133 5282
2077 4480
3072 6412
8293 966
1497 2928
3734 8529
8 1017
7663 5937
7659 6531
7888 6564
3803 1938
5031 838
7390 6478
6118 2930
3741 8327
191 8443
981 8014
1848 3900
2982 3857
307 1749
5458 7766
1305 3409
4415 7519
3966 3749
6107 8338
3099 2001
662 54
5209 5558
809 3204
7453 883
4850 6416
4747 1499
7937 4394
7124 6732
137 3775
2546 6045
5020 6097
6228 7558
5477 4471
5608 8781
5654 1690
5983 6029
2639 3827
8744 3626
2007 8808
7496 2319
2550 233
1273 4287
8738 5334
4045 523
1122 6270
8254 1536
4061 4820
6621 6780
596 4290
4439 800
1751 4063
2728 3760
5972 3502
4864 8736
2983 113
4199 3322
2084 5290
4273 3259
7271 7173
7805 6023
84 4680
5491 6606
3671 8347
5160 5384
7412 469
4658 3582
680 5654
69 3320
5446 4967
5146 6279
5255 3793
2788 4918
2573 2465
584 466
2000 2359
4413 5358
511 8883
5580 4275
2562 4574
2294 4875
6770 7006
617 2912
606 8280
6392 3455
7227 3664
3749 6589
7589 3575
6844 5971
244 39
5639 695
3200 5763
210 6795
3357 1850
3484 7843
7033 3360
3185 2024
422 263
6795 454
3957 2707
3932 5673
687 483
6051 6495
3650 7820
758 5129
4307 4440
3539 6555
1166 4504
5310 1665
1624 729
2675 4639
2970 2942
8040 8891
3151 2038
8312 3280
3353 4141
5136 5127
3275 623
4011 1764
3943 7181
3969 6976
8229 4175
5248 1530
6014 8228
930 8079
7123 8600
4003 6694
3428 5784
4521 3736
7221 6385
7949 7445
6771 6402
6455 2046
1644 1872
7993 346
4860 814
6687 7866
4622 2842
1137 804
2650 512
7491 7786
6680 4602
4982 2350
3795 1076
5860 5525
4214 7424
104 3419
1869 5086
3098 412
8401 5772
2510 3205
8294 5112
6274 3596
5537 325
166 3333
3088 2752
8316 8044
2255 7073
3248 3905
4063 3720
675 5688
1724 6921
2614 1503
987 6505
2915 1199
7498 8134
3700 3242
6626 12
5987 2082
1760 1463
885 4509
7980 4131
2452 2266
4068 8136
3958 5542
1188 8106
4896 7772
4585 2168
8129 2736
3252 4326
5707 2564
8271 8864
4750 6983
567 3258
5326 5046
5849 7379
6195 4164
7804 6991
2780 6601
7746 1991
3492 2238
8706 8371
3833 8113
5057 2685
7031 4878
5193 1319
6649 6676
666 7648
2531 8289
8231 1203
1561 5487
8282 4756
5321 6057
3507 5707
4044 2498
6275 4041
3218 6536
2450 3293
8179 1142
7474 4771
1890 4030
4758 3622
6855 300
2944 1792
4588 3106
7780 3486
336 5695
2265 167
8845 5177
6358 7847
2834 1163
5331 2616
4872 7663
2340 7887
7366 7599
2197 5467
6114 2834
7889 4012
7796 1778
6209 7819
3503 2839
2643 5302
2956 6563
7007 5392
2282 3563
6511 3287
5612 3292
7578 2391
8372 7030
6827 4136
5315 8793
7904 5047
4247 803
1861 2396
1629 7481
366 3632
3249 4043
8414 3934
2418 5070
7046 1901
6438 26
5178 4459
3952 813
4438 2922
6610 3788
473 8786
8819 1783
163 5560
3848 8731
1143 3766
2073 7378
4678 2203
5874 6740
3656 1105
1981 5485
3814 2107
5678 7039
4216 5886
2601 281
8212 3008
2173 5333
6750 4032
4447 999
8310 6101
1095 2826
7922 11
1031 3276
2375 8686
3310 7854
6697 7867
1589 5168
2142 6716
910 5680
1766 5775
4943 6476
29 5689
2935 5324
5803 8447
4458 3763
5885 8789
3541 1232
1364 8385
1697 1817
476 6593
6101 4387
7307 4728
7203 114
8881 1526
2429 405
1276 4003
3789 2217
1272 5063
5130 3557
3180 162
4900 4887
8159 1197
8421 938
6733 8011
8813 2160
7817 6255
8679 2191
6935 5531
149 5289
8324 5273
6940 6609
4675 2219
744 5818
388 4162
8782 5211
5648 4821
7109 94
4141 6143
3567 7387
7885 2614
1918 4567
3988 6178
5438 2608
2354 104
8611 3255
1198 1963
8164 4541
894 6846
8261 6321
4293 5657
1674 8554
3724 3195
3061 6092
3128 5926
7684 2741
7305 3791
2729 44
8071 3976
943 7911
7541 2315
4722 6935
3359 7109
7964 4929
5504 6025
460 262
7799 8703
7647 8497
1843 6670
1478 1912
2929 6493
6789 900
8342 732
1573 1284
1172 3624
7529 1563
4648 2600
6517 2593
7932 845
382 7617
4492 4587
2459 97
3351 7306
4787 4334
7178 7619
8246 5806
1436 2814
3920 8196
3177 3422
5393 8316
4151 5185
3201 653
673 1489
369 5765
6270 2769
3869 5624
2779 8601
6537 8633
8095 6845
5940 4790
4491 3603
7389 4788
8720 8584
8569 7281
6977 5556
5711 7560
1788 124
5180 7268
1005 3088
6188 4445
3790 3080
6224 3074
5923 7146
1107 5082
5362 4237
3566 7058
4514 8829
983 42
3458 2527
4133 6728
6709 36
425 1597
1526 4304
1140 3732
2629 7934
5542 4855
1335 3014
8286 6733
8362 864
4865 8749
6401 5539
5294 1044
5557 1507
6249 2671
3561 3186
2918 6802
5357 4591
7654 3217
8499 3525
3493 5385
624 1919
4832 456
4462 2786
5792 7386
1204 3183
8668 7692
8599 6788
5676 6318
5606 5223
8176 4172
419 4126
4389 2620
5920 2907
5819 3678
2262 2973
2606 2625
2382 38
3271 4432
3706 6177
6089 3607
522 633
1677 1416
5254 7661
3933 3442
7188 1550
5553 2432
3534 6
2275 2486
232 7656
7351 1895
5989 3053
5613 8893
376 8581
6821 1650
8317 4822
5723 6594
1289 1976
7691 8095
4308 5899
1214 1014
6362 2796
43 6861
7304 8365
7195 6094
7280 1449
1933 6485
1555 8552
540 2124
512 96
1156 1435
5215 1159
6631 3611
1960 4688
2566 5146
5541 5903
3842 4303
2278 4221
1126 6549
1192 3876
72 6353
2120 7329
4095 5537
7489 2460
4925 2300
3320 3496
3120 4608
5203 2237
4022 8255
8008 8164
5423 5184
6666 8590
5118 4971
2280 3988
377 3062
8578 766
6933 1889
157 3064
3136 4146
897 4717
7603 1273
3861 673
5147 2878
5761 5085
3170 8075
7230 1828
5412 464
1144 423
2183 4754
2071 4380
1719 8466
5652 1016
278 929
4741 330
3604 1663
7120 3959
3352 5475
2891 2638
4237 4508
6593 7777
7063 7970
397 5123
7645 1387
8053 5305
2745 3331
8631 3547
7750 5600
1646 6756
6659 459
4587 8570
2489 4073
6301 648
7926 5766
3324 8652
7432 2030
8710 8867
3855 5538
8353 3086
1352 2923
231 2692
4958 8872
8802 5171
5546 112
1392 4979
6263 3761
5732 2174
1617 5315
6008 8605
479 5896
8402 5020
8337 2176
8533 4360
91 7689
5853 4888
3831 8433
7688 3812
6011 4941
1594 5980
6489 6175
2439 7677
1199 8472
2118 3928
7731 4494
1834 7027
5644 885
38 8487
2417 5751
7301 6098
7104 3314
6739 1386
1684 8094
1040 5162
6397 3317
1521 5575
7814 7179
3307 712
8635 2179
2410 6477
6522 1686
3865 5949
1115 2996
8586 2379
6763 3666
5060 4039
3245 6696
1491 8088
2478 8845
7560 1026
4090 3236
8440 204
2626 5089
293 2285
6706 3390
2819 5922
6121 1941
6563 2553
368 8353
1818 6717
5212 1326
3075 4999
959 280
1011 8216
2081 6074
6394 6834
2766 411
4723 2951
3066 2154
1509 6556
3167 6899
498 3516
3839 6048
7597 2056
5269 8650
2503 2242
5141 2933
8512 8448
1052 7194
2233 8419
1950 8040
6503 5664
8334 8656
8515 6792
159 1541
5253 8754
1386 6108
4236 4238
2940 5440
8525 5106
6399 5264
1529 2577
7288 8785
4036 2292
6126 3405
3860 7815
5323 127
1501 951
2939 7224
1637 2699
4652 933
7738 1825
3222 5553
7582 6560
1153 5569
3642 3774
3955 6540
8195 3565
6644 5026
8042 8410
2136 8048
130 4134
3103 4601
5932 1793
6830 5377
3028 3771
5526 6608
1630 4947
6596 2761
2517 1477
175 6285
2066 7069
4084 6273
4318 4805
3793 1890
7905 6475
8841 8538
5873 5744
3306 934
1645 942
5888 1302
1710 7221
8656 4157
8520 3899
2853 7456
8221 2670
1935 2419
4660 5516
2809 2345
6321 5711
5616 441
4889 1681
4902 7790
3641 4899
8354 8834
3464 5866
5801 7454
3907 2730
438 3059
6584 1946
2200 75
6241 6852
6571 8553
5221 543
3190 4328
1426 6351
7023 4293
865 4903
6703 2688
1567 6641
282 137
6536 5755
8787 3498
4451 8300
8419 3776
6748 7056
592 7660
1414 6289
1517 2430
3890 1254
3481 4533
5090 7150
3817 2268
5243 4229
1281 2344
197 1279
7066 2090
5890 2563
5587 2887
113 7706
1880 1620
7467 1933
7009 3826
3875 5861
3395 3618
8500 3659
5008 6487
2592 4636
6146 2210
1167 258
3056 2189
253 8589
7960 5361
6705 7404
3819 4590
7547 5619
4195 4992
3916 8645
6137 7204
5773 3689
6815 7885
2254 5285
508 1375
5912 819
740 5583
8560 7671
3363 4801
1743 5528
3808 4869
6811 3747
6090 4382
7259 7598
6917 6645
8145 2978
672 7537
2884 1722
1030 1042
3645 3424
1983 8635
5698 3513
5263 3128
684 561
5302 1787
6407 542
2998 6171
4310 6035
3758 8344
4390 6709
5615 4077
1654 1588
7944 1399
4614 2173
1333 4919
1558 4219
547 1285
4475 139
8126 4926
1884 8777
4043 1331
4516 6358
2971 1134
4526 1023
6197 2334
2844 5329
5984 1165
4192 8826
576 8823
1213 3104
5864 2530
3137 4095
5067 6344
5422 2389
5585 5231
5851 3453
4647 6071
2117 3834
7448 4138
6817 2223
5827 4930
1334 758
5862 2416
3433 2113
5133 1899
4676 1311
8727 963
1871 6658
5558 7909
8722 5166
6286 972
4629 8807
8524 6472
2651 6410
1169 1719
1078 8110
682 3274
2985 5229
2578 7335
1271 6030
6995 1845
6177 5298
6829 1944
887 6888
2235 4403
726 7043
5308 4107
3060 1837
1543 399
5036 6625
8101 2731
5921 5279
411 2762
8431 178
3922 1478
2713 98
4642 3800
7687 229
6347 7534
3990 3969
5353 6554
423 7469
8508 2197
7407 3715
2266 7571
1525 4457
3442 4645
3287 794
5555 27
6554 4712
7084 4379
2369 6808
8167 1267
2001 8788
5002 2835
3768 3069
7300 386
8013 2767
6404 2943
6779 1762
3913 3906
6475 2499
949 6058
1430 976
6724 62
447 4614
3862 4827
2427 2791
2764 2262
3765 8311
4909 2866
2771 3787
2919 4767
71 4320
7824 2363
5377 1233
4159 8577
1667 2744
7219 6905
4394 3022
4392 2701
4798 7265
6134 2256
95 8760
8278 7344
948 2635
559 8640
926 2261
4849 5280
1849 7145
1761 8482
1012 4813
4117 8390
1881 6317
5950 3651
2688 4369
1523 446
5601 3401
3772 3692
1284 6969
6768 4152
6192 57
3189 4671
3240 4594
853 2956
8597 582
4248 5360
3366 4319
6570 6776
8090 8616
6711 5000
8341 2502
1692 2931
3191 2825
8815 636
534 2961
3546 5003
5901 1873
4500 3295
5634 989
8870 7426
8871 6831
8189 2290
4936 2298
8693 1161
7191 7941
6555 8318
7629 2055
2917 6829
221 394
4299 7113
2690 2876
3048 8709
4547 2239
6243 688
5969 8381
4563 5186
1398 1695
8363 7980
7151 1228
7447 6522
1991 4674
7710 5869
3411 7326
7083 5614
3039 6228
745 3660
2456 970
6559 8319
1050 3133
1205 3792
7461 849
3183 5747
8487 1579
4028 1301
7038 2709
4283 5403
7787 4908
3669 6770
2355 6855
3895 5959
5259 5658
5583 7353
8438 8876
4515 5777
1666 5078
7269 5459
4145 5672
7846 1442
8529 1038
7763 7597
2899 8806
4076 5313
1591 1516
8344 1440
3186 7284
8678 5394
7225 4502
4733 5633
2972 7912
4863 3427
6663 2862
4942 2533
1299 5306
2672 4619
6577 859
1435 6456
4539 6129
3716 4302
6074 4097
2716 5102
1730 4271
6599 8586
5905 4547
6989 3977
7736 1655
6583 1497
5298 7512
7579 6799
7553 5250
2881 7485
2341 7220
4930 7060
6081 8534
7870 5155
2765 5371
2031 1292
6544 2111
2253 2365
5117 8119
7303 7312
6297 242
8733 4653
481 490
8386 61
1992 4145
2613 5351
8840 1258
6353 1069
6215 8071
7696 1753
3441 5864
952 6031
8482 7923
413 8791
7380 6174
264 8547
3653 7540
2515 3036
8267 6297
2248 160
5287 8604
352 28
4698 218
6843 7354
7003 8513
1131 948
3526 1243
8645 4629
4771 3586
3904 1727
754 3523
1790 978
7077 2291
2430 4563
8236 1352
3494 8697
4565 6966
3321 3456
609 8111
338 2169
7742 1255
5763 1325
6643 3146
3014 205
3637 5449
1010 3753
1211 2764
1621 3819
8000 4568
337 5811
2148 1802
1968 1236
8823 4352
7680 1124
602 8265
7836 529
2955 2755
7359 6912
6083 7770
8140 3380
4053 6719
3739 7275
5386 4625
4846 3501
5779 3180
2758 7020
6528 3019
2505 7899
3612 5592
3730 3385
8270 5495
3896 1595
6009 2340
7575 6022
101 6712
8479 3985
4398 1348
8842 6369
632 5150
4569 8264
6961 1766
3466 2832
3410 2440
7664 672
1650 8870
3092 3735
4341 295
7121 8053
3987 4222
6836 6864
4488 6878
3457 977
7943 3743
6873 164
1765 8
4854 2787
5301 7105
3648 3716
2709 1303
5957 2586
7242 563
3804 6239
4792 6249
6781 4057
6629 6559
2545 5935
6119 5007
7373 7026
258 7397
3130 5008
8394 1358
515 735
7518 3302
5183 5975
6613 341
1541 4311
1425 1995
7208 155
6173 8837
4985 1055
1338 6990
8771 2877
4870 7920
5096 5225
2808 378
289 3821
778 5827
8068 8463
3618 5065
4560 4426
7029 6195
970 8367
7675 2021
251 3635
5490 4582
5273 4375
1794 993
4396 5729
2761 392
1285 6189
1980 7279
4858 8438
8549 5709
7228 4607
5461 4560
4220 4177
1054 1544
7609 841
4508 826
4946 3754
1626 6150
8060 317
7740 8415
7255 5779
8503 3811
5478 4370
28 7328
4961 5307
6365 7108
8691 2279
5511 2799
821 1616
6685 3549
8150 8663
4748 1426
6509 6199
4155 3764
2538 1075
6630 3794
8384 1486
5410 6265
5343 208
802 3718
5075 6642
1018 8587
7656 7085
7841 5577
3672 4292
1413 756
7798 3305
3284 7607
3247 3806
8390 2512
6510 8345
2270 4642
7260 7347
7050 8655
5487 7676
406 1391
5752 3637
2878 7877
4135 212
2803 1320
7952 2225
1847 1675
5898 5900
824 5595
4098 7247
7549 307
1183 3039
1474 7126
1314 1754
5512 7924
3461 4529
454 5068
8234 5823
5045 2650
5509 7144
5802 3837
6818 6355
5737 3888
3334 7451
7929 8399
6036 6275
2367 315
4608 3078
8396 858
883 7926
5430 3608
5996 994
8623 2286
1512 16
8573 5701
2257 1772
6654 2602
3276 6193
3107 7240
8801 1659
8740 7849
1218 1978
604 1009
7938 4692
294 4649
206 1779
2790 6457
5988 5901
8172 7203
7935 321
5112 661
56 3321
5495 4476
6926 1954
3236 2706
7289 6920
8110 3797
8869 3251
6640 5038
335 8068
1416 2182
4263 8901
8366 2342
8473 1960
3515 4618
5468 7129
2258 3595
2681 1020
5040 3554
1241 2181
1331 1612
6334 4720
4679 2889
905 7365
3713 8745
7652 4959
8160 2361
367 8831
5839 7697
8745 5789
5525 6286
6730 7666
975 3040
8681 5686
5981 1262
5878 4524
541 5031
6428 8411
7497 7807
1442 1033
5855 4414
3562 518
2968 579
153 4848
5074 4166
5751 6735
5245 4945
851 4329
594 6264
3029 8792
7113 4705
7753 4359
4597 2859
1283 6034
4680 3539
784 2172
6452 4599
3131 1250
203 105
7910 879
2380 118
8128 3616
3184 8503
6598 2661
3149 1535
1745 8420
1217 6336
3668 8074
3750 4250
5297 3124
3413 7033
3228 4773
2349 5844
3762 4870
6386 4402
3825 4149
8409 8287
3611 3911
7229 6316
8111 4438
4161 8711
8532 159
7343 3756
3655 3120
2012 8428
237 6654
8574 2687
3142 6349
1134 2387
6972 21
2178 1990
6367 1290
2303 4115
1879 8263
1827 2914
7355 3304
528 8836
1518 4210
1091 4852
3386 5730
5484 2380
4604 7763
8765 185
1832 8307
1412 1364
3086 4422
2449 4651
4874 3269
6299 570
5344 4365
6207 5642
7735 655
6157 7544
7987 422
4869 8610
633 3467
2692 7191
4919 4239
3733 8317
1836 6471
5429 4975
3213 4734
7607 5813
1465 5198
6625 8352
4511 1260
7045 3802
7915 2590
5724 5215
8043 1548
4995 3983
3044 2075
8629 6896
4897 3989
7661 6461
6007 2162
6976 2249
2547 7778
8528 231
8596 2723
8360 3786
1130 2079
7714 7376
6066 6021
271 2229
8513 6941
6208 5276
2684 2958
354 72
1181 2429
8821 2865
1203 5841
4972 786
7749 3965
4382 1251
6325 8818
5850 6868
6955 2029
5934 1481
7818 2043
7748 7628
8169 7865
3687 861
5225 146
1553 7130
396 283
8627 4779
2963 6435
6947 4592
8377 4879
8856 5946
1001 1383
7131 4470
6380 2643
4497 904
7416 360
4729 4341
2337 1583
5234 2013
3999 5034
2865 6686
4042 3381
956 2057
3114 3299
5026 7738
974 1485
6140 4611
5419 3052
27 3332
8086 1277
1459 161
4172 6729
1678 1195
3787 1622
7755 8312
4264 5500
6141 1949
379 2151
7102 6840
2169 6266
6102 4495
8117 6832
729 6060
2109 541
394 8602
8443 7226
8001 6926
3346 1220
8602 4694
7261 7984
342 6196
8716 5758
6782 3872
3379 1125
1993 2863
1320 5472
4893 4791
7894 216
1640 4150
841 7046
694 610
8393 217
4261 6428
3303 8657
2232 437
6100 8054
4535 1709
6676 6242
2671 7455
201 1112
4107 5114
1090 1905
8769 4626
6351 1
2022 41
7223 578
543 6817
8151 5084
8423 4938
2903 8207
4506 6202
770 6705
8504 3393
4476 8051
3980 4291
7946 5297
6881 2059
4395 2410
7566 1800
8471 1147
5433 4194
4196 8555
6416 3627
6672 8174
218 4624
5821 2272
5110 8809
5167 4931
923 8770
2595 1457
4231 8696
6988 6913
3564 7672
8420 33
2969 4339
3780 1618
7778 5852
3721 4137
7413 1100
6688 6766
2516 8564
7967 6170
2871 5859
8594 7633
1051 3000
4082 356
2045 8830
2905 3733
1407 4070
2727 4468
5665 6592
1062 1330
1162 4499
7878 3137
1613 1760
5709 4106
5432 5128
8345 1750
3474 8425
7900 6982
5933 2209
6851 7037
5342 1050
8488 6153
716 5481
3823 876
30 8629
739 2374
4099 6678
3216 4751
6556 1496
1691 5915
1658 1388
4083 2425
5721 8542
879 4452
7873 2065
363 753
4623 4749
7127 8519
6356 279
13 5809
2656 2831
6312 4094
3636 8107
3586 3283
4007 8869
4752 3981
4024 5013
2426 4923
1535 5187
1825 2837
1863 3883
4112 6037
8200 5317
6445 6550
8331 897
8843 6222
249 3218
3328 6567
4147 4829
7062 5643
4334 6431
2924 8299
5471 3567
5177 5121
7545 1025
2999 656
786 7987
2832 1892
5436 17
2272 7201
3538 8325
1563 7217
1956 5236
8177 6407
5578 8541
8811 23
8830 6243
7752 619
2403 8329
1953 3173
1141 1573
7916 93
7396 4233
5207 6915
2063 7443
2159 8714
7235 1824
7534 6721
80 6311
3431 950
4046 6083
6753 8757
4922 3031
3274 3517
3169 4479
5739 4118
4267 2909
5789 1900
4478 8208
8311 6865
5187 1581
8764 8603
3288 5849
8535 809
6361 5885
501 8784
4857 5271
7503 7683
2959 6304
7240 367
5235 2274
3244 8370
706 6710
7108 4585
2157 8559
6129 2578
7667 6979
1224 3234
6749 3643
3820 3975
5455 7726
8893 5100
1582 745
5935 1979
6257 7612
2859 7850
8329 6359
7421 752
8391 6312
2824 6669
3202 158
3084 3634
5425 3273
6790 353
4725 2103
6476 6519
8670 6308
1256 4108
2731 6703
8876 889
451 6220
7133 4408
6479 4038
587 5972
7376 5693
3207 171
3246 4774
5728 6948
601 2060
3887 2475
8715 6452
145 3770
4450 5415
1151 5668
1885 3602
1234 95
5507 2277
8655 3785
45 4473
8352 7593
4200 8734
75 8739
1925 7627
4480 6539
1866 3809
2938 5785
2621 6558
5660 4830
5330 1738
5396 1430
4558 4527
3928 6492
3579 2777
4285 1927
7612 6432
2549 7745
7034 8634
4964 7884
6436 7797
4209 2149
2599 686
8143 924
8290 3614
2558 5523
7397 7255
2525 4670
4654 193
1584 654
4058 4904
6567 7870
2373 4698
7678 1432
1917 3896
5913 7334
2730 5178
874 5950
5510 7031
2812 3006
3111 1444
8427 8346
5333 4630
5071 6207
977 5720
2371 4778
79 1962
1336 2747
8302 4736
7660 3914
8461 2280
2737 8169
5128 7242
4786 2312
1656 726
3977 8103
6349 7906
7212 7860
1404 2738
4628 2455
4801 6568
7061 8660
5842 956
4817 7868
3583 4004
1117 6504
5833 5520
488 2175
6566 4872
4971 5337
5624 1634
7440 1852
912 7853
2958 571
6281 4033
8006 3347
8469 7636
6272 815
5369 2750
4891 2320
7334 2045
8388 4190
3997 134
247 7967
6235 4915
4094 1952
134 5473
3703 149
2448 4521
4895 2925
3393 711
7906 3877
4448 3696
6623 1531
2627 3211
8694 5799
4328 8473
1301 3034
5092 2472
4503 1985
664 207
2962 6583
2043 2409
3264 1936
7863 3839
7855 7908
8466 7183
5408 4399
8884 8485
8149 3869
3800 8885
7184 7055
6925 3655
6398 4002
4696 2856
100 3458
7 4212
5123 8764
4444 834
7082 888
7758 5355
5316 833
5085 7498
8682 5670
37 3328
2083 5788
3859 3388
4790 5867
4397 6158
6115 8727
5823 2381
3197 4960
1387 7034
3714 2538
5365 581
7145 3939
1123 8191
7074 4641
5955 1117
1000 4122
7705 2734
2594 2677
4938 1008
2185 7586
7991 525
1891 458
3058 7458
7872 3895
7458 2212
7150 6284
5869 6450
7000 5222
7821 721
8585 5605
8253 1619
3735 7639
8476 8638
5554 549
2165 7369
7721 7559
7720 7202
4544 189
3684 1247
578 8304
2219 6160
2082 2099
5970 8012
4592 8305
1721 6044
1747 3246
2535 2556
1552 2265
7350 5877
3863 6127
7378 527
8577 4760
7765 5148
4955 2794
4923 8517
7567 1981
7517 3712
1754 2818
7673 2122
3490 4425
8465 5327
1714 780
7901 1685
7330 8131
150 4579
6341 1840
1120 4454
6501 6952
5500 2434
213 2980
4169 5741
65 1568
1898 3110
1021 7310
8609 7114
4432 2833
1179 6999
6449 7962
2133 8069
255 4956
5653 7568
6352 186
2661 2596
627 4988
4939 7736
4707 829
2679 6627
5568 768
4904 8861
4383 666
3854 4697
4322 5419
3809 1868
4494 6070
5599 5888
6974 659
3640 7199
1565 1191
5252 7961
6911 1280
7697 4285
7246 1078
8717 8896
2474 4851
4727 6049
4166 681
962 2071
2051 1003
6191 8500
4062 1315
2772 8146
3144 4252
8562 5850
1032 5354
614 3032
7294 4165
2040 8530
173 584
8041 7177
299 2988
2286 2276
4469 8076
176 303
4108 7175
2350 1305
8454 568
6167 1621
3894 635
8542 8882
1475 4110
2391 7099
7147 494
7695 8185
7155 3728
4300 2473
5428 3009
8387 8418
862 7687
908 3784
5910 6301
5889 8250
3775 1313
6492 2784
5837 1172
2725 7702
6317 2872
3315 7972
1034 6225
291 3158
3630 7840
4371 2915
1173 8873
340 2094
5535 2150
4373 370
136 8537
5677 1121
7874 777
8632 1402
5493 3327
3522 4877
7955 2855
52 7497
1824 2654
4712 6303
7001 2183
8866 2798
3297 2672
2295 2516
1171 7659
685 8841
2705 7124
6946 2134
1989 7484
582 3882
3882 5158
4331 1424
8336 7351
904 7213
7017 6827
2035 5792
2797 7170
8044 6542
1623 2073
8805 8879
4211 5856
6012 7083
8080 5338
433 5821
5070 7307
4168 2700
2150 1928
4124 4595
7546 366
5411 1735
1193 2549
4808 4840
2492 7513
1568 3688
6535 3690
97 603
3528 4957
8756 3229
3902 856
5109 7622
6752 2594
1781 6134
4119 5944
8770 2245
6025 4466
7039 2780
6912 3649
4127 3415
6414 6675
4624 8133
1009 4718
7362 2830
3226 7269
1 3993
2644 8715
6590 5682
351 5700
6015 1224
3437 594
8085 8179
4602 3083
5746 8894
7215 1725
3155 822
3570 1459
4470 6038
4070 1366
8480 2886
1309 3105
8122 7631
4495 251
2965 3604
1415 5511
7981 2998
1266 4265
8892 1144
1487 4069
3002 24
3372 1130
7095 3238
4778 1711
8557 2603
3269 1339
1070 2800
7848 6822
3694 7746
5589 5508
4899 6426
7724 6816
6525 143
2143 6596
7464 3472
6250 5205
6326 3092
3709 1500
4473 3471
5307 5879
3205 2994
8807 1259
1813 5690
4311 7634
3552 3699
2153 4211
2695 6117
5931 6581
8838 5770
5168 6772
4910 532
1542 547
6943 3957
1003 7857
5400 3351
4393 909
1180 7325
749 5416
3569 6262
8012 2891
3610 4114
7306 4715
2010 247
825 82
5376 5493
7531 4430
318 4706
7990 4916
4033 3341
6219 4282
2058 5096
4362 6046
3006 8691
8134 6623
7272 818
1905 5376
941 7922
7638 7156
898 2748
6806 2630
3094 1883
4372 7821
6443 2536
4442 1296
3646 5756
2008 6128
3233 355
6979 591
7164 7110
1457 6298
8392 3094
1792 3330
4571 7978
1835 5702
2875 4373
6798 7078
7436 8765
63 8144
5158 1268
7384 5088
1603 5750
6500 7160
8589 4891
6650 5311
3365 3641
2352 2193
8017 8440
3445 4729
3080 7418
5522 4154
2477 7686
1821 339
7971 5615
3748 1959
1048 7040
867 6695
3045 8451
5759 1493
1385 8093
7998 338
544 7186
779 4296
5630 1858
2625 1657
1201 4704
7368 8413
6204 4826
8814 7917
4158 369
7599 5812
2447 3209
8079 6104
1476 5425
507 5431
463 1354
5907 2929
6796 5530
7284 3982
1939 1602
946 359
8834 7330
1906 7814
6524 8510
4092 7241
3388 4922
3358 1808
7585 4241
5150 2006
8639 8145
5965 6216
2368 3503
7548 781
126 8013
4644 3630
1510 1164
7914 6347
892 1705
2634 2636
1756 4068
634 119
3033 2449
8005 4483
4276 1795
4855 3681
3296 3532
49 2164
6324 8573
4257 7690
5223 2081
6502 6938
900 8272
7422 6166
2890 1196
6460 5042
1978 2260
7831 3538
1441 1605
4834 4660
978 7420
840 3151
7358 2745
3405 4261
1570 8783
6309 8522
2166 1512
4681 4868
1942 6881
1243 1487
5099 2967
7276 1877
2334 8720
2646 2779
1251 7768
2657 7664
656 7979
2500 8326
7743 6953
2710 4990
5569 6833
6994 3066
3667 2392
2885 8506
109 6761
1236 1610
8307 6382
41 1940
2397 1171
5475 8649
780 2599
2934 4561
2792 2768
1099 8751
6183 4337
8347 2506
1129 2613
7701 8701
8450 5240
2719 3831
8674 6192
6374 1780
7310 3054
5771 895
2215 3481
3517 29
4705 49
2947 3505
579 6232
5956 8515
4502 8284
5780 7472
3392 4216
5936 5260
1406 1693
161 110
1951 5563
341 2619
5876 3017
1564 484
1999 4909
6366 6482
5927 3921
8410 3673
3705 4677
1464 4963
6714 2664
8107 6123
7245 4308
2636 1418
5250 2463
2423 3645
4325 2367
5673 3248
5011 4088
2188 2714
4540 6377
6602 3583
5891 6702
3852 4965
22 2778
3856 1896
7342 6961
724 7789
7857 2050
1867 7701
4593 8159
7408 6917
6218 2696
2274 264
5018 2681
5063 7864
1938 2966
7101 1947
8726 2853
6669 1385
8077 31
2948 4357
240 2466
838 5294
5793 3970
763 4492
2366 2870
7921 6647
759 2139
5355 7003
7183 4135
3062 3730
6638 7222
2039 4815
7823 6739
119 4120
4818 6233
4796 632
4354 4460
8711 5840
3926 5943
3616 2846
3796 4505
5687 415
8373 2418
5208 1606
311 3469
3711 5524
2991 7563
5777 7140
2091 7626
439 1240
5592 2040
5998 5248
6368 7286
6426 4857
8732 1865
1862 869
216 3940
2659 3412
8251 3201
2481 4423
2873 7148
1602 7896
7940 1820
2773 2993
5247 276
7606 7828
2027 1821
6557 935
358 2789
330 6616
5415 8692
4224 2773
3547 8514
39 2491
2132 6787
1759 2356
7382 4764
625 3671
5594 8121
3478 5517
5911 644
6641 1957
1408 4552
1328 8827
3974 6277
2234 2250
7154 6866
5014 7322
6268 3493
7519 7377
1604 8189
1039 2048
4262 8467
482 4998
6847 7360
8530 5428
6461 5192
3660 7196
4553 7931
8098 1400
3845 8817
6889 7192
7627 6659
8785 921
4917 704
727 5632
8731 6786
1955 7874
6402 3544
6819 6159
7277 5647
1150 1491
135 196
5574 6287
7385 5858
8224 8082
5078 4982
2110 7503
4970 848
2586 5451
1718 6879
6462 1377
285 5400
1703 1918
35 6113
3491 8141
5783 1428
2249 6362
5116 5646
3198 8687
6213 8810
5762 259
1903 3167
4981 8544
5917 1274
6910 716
4884 7949
3785 7087
3140 927
6285 925
8279 5626
8228 4776
3699 5274
1638 6423
3617 6586
6665 5955
1841 6370
7996 3334
6512 2597
8637 6875
3090 6604
82 3946
6300 8032
7285 8297
8245 2675
4067 5447
5155 2663
8323 5764
3019 1093
8853 65
8660 1635
909 1716
1772 3414
6812 5913
2892 1626
3925 3961
5055 2543
8575 898
7291 7997
3753 521
4270 2224
7994 4762
8028 1431
8326 5418
6722 7302
991 7047
3460 6612
3008 615
2541 8862
8736 2992
6376 2875
2486 4050
3576 7657
2816 7480
7299 3339
7808 8262
4228 2883
4367 7535
1103 7526
6515 6269
8559 1965
5157 2461
33 1167
7957 8494
7508 1381
5413 4111
6692 7749
6903 5190
5674 964
4756 1769
4399 6497
4481 5402
5065 5406
4241 1241
2615 2981
7623 3851
3513 323
7331 6440
7598 5161
915 703
7985 5368
6793 554
2331 4924
7493 8001
937 3089
4289 6851
4060 868
6505 4286
7256 3780
2584 8899
3602 4295
994 5130
4345 6338
7112 4522
3188 1547
3251 2313
2180 903
7920 6396
3936 7969
8155 8614
8183 4806
2520 2648
8610 8535
281 5491
5604 799
5347 3822
6034 6546
5726 4912
3165 7921
2463 6056
2161 7841
8446 8393
2053 2568
5547 693
6423 1823
3923 3281
3498 2041
8130 3574
8737 4332
1967 4753
722 1767
6142 1726
1578 6652
1652 3633
2168 2194
921 8158
3858 4083
2093 3631
2976 2220
3942 3507
3398 3013
6792 3980
1074 1913
5513 576
2526 5476
5894 7462
2641 7936
8158 1755
8048 1638
8141 511
8540 2481
5424 6024
1043 1110
4472 8753
5953 3188
5403 2983
1293 638
17 2551
6549 1822
1928 6876
7771 313
3348 698
7942 810
89 8588
81 8682
4146 8591
46 691
679 2555
8571 8890
4911 8746
83 8170
4008 3901
3082 8460
2170 496
3901 8536
4528 4785
1440 3703
2312 7566
2068 290
7446 4638
4187 468
8144 855
7670 2945
7524 1703
4766 2098
6872 7095
4014 3628
5120 2888
797 6479
7181 6109
8781 5071
6759 609
5667 899
4875 7066
6682 6066
7328 1021
7019 4060
3807 4831
5523 379
5286 8389
4969 8063
8186 4548
1865 3108
3429 4593
674 7231
791 136
899 4932
966 6803
6322 88
6565 8585
8888 3861
3068 6768
2116 6745
712 6902
8346 7136
8643 2792
7972 6722
6578 6122
748 4489
2941 8286
3030 8853
3587 2684
8400 8203
155 8249
817 3862
1247 524
2317 4796
2669 7532
2840 1396
4385 8275
2228 5979
3109 8252
7615 6779
1028 3135
10 2332
6298 3654
469 3711
1976 6380
6383 5882
2763 2394
1411 6120
1990 3593
7297 4065
4941 6077
2868 507
5098 7132
4490 6613
5774 4251
1215 3476
2957 4615
6981 7346
5716 7538
1755 583
5105 5410
6951 6931
2532 6685
350 1658
2112 2166
5966 6470
8630 3933
7679 6405
8861 3264
3828 8058
3148 4029
7142 328
8023 3801
3609 4802
4711 645
5811 562
2226 7750
374 6724
6306 7218
8859 5724
98 7309
1846 5167
1694 8639
8754 6106
5828 3479
789 5261
2540 2507
8045 7892
3921 1270
4302 1884
5581 84
3870 6551
6311 2526
8083 3010
1209 8363
4550 5541
8746 7153
4087 1629
1583 7669
518 1578
2290 5876
2048 3140
5476 665
6608 8077
8190 1190
5401 6176
4977 4381
5636 3758
7809 2185
5206 7940
2088 3810
794 5684
280 1849
6040 6340
1250 4689
1080 8416
7041 6943
2666 3159
6117 8462
1850 2824
855 3007
1146 7675
4655 7888
4997 5016
3101 2571
3070 7989
4816 7081
6523 6997
3052 6823
111 6781
4240 7839
8102 3903
5364 7938
151 526
1752 6155
6970 6580
5229 228
8105 8223
2099 8664
3864 5436
830 6365
521 5513
5672 2305
1369 387
8161 8209
4734 2851
932 74
6741 3963
5043 8240
3051 2364
597 6661
3108 6929
1695 7895
434 6465
3482 7134
5056 2727
1892 6244
3089 7271
4963 5834
7837 1036
711 6672
4305 260
3485 5797
4179 6620
1782 6054
7875 2403
1522 8724
7296 981
5480 6699
8262 778
1778 6137
7442 209
3571 4270
1597 6640
7353 4738
3554 344
7251 3930
6482 8489
4212 4185
2800 8152
5882 7408
2838 4437
1127 5322
5277 3497
3164 3566
939 1004
586 2446
2374 836
3057 433
8207 3674
7213 187
2810 7913
6310 553
5354 5382
2907 4431
7165 5984
6664 7106
8767 3027
3073 377
1041 1987
1631 2683
7514 2421
6975 6994
7790 8359
7032 6893
1931 7125
5081 8820
7532 5982
6900 8166
4840 3256
4826 4675
6490 8813
5328 1891
1643 4435
3889 3029
3472 2433
4016 2376
753 4883
1409 6959
6996 5907
8259 8124
2263 6115
4301 7425
3121 4905
1700 4724
1726 4487
2925 5588
6606 1886
5216 7340
383 2414
1007 2644
5982 4309
7928 5232
589 5040
3 4647
2074 6203
5730 5845
3373 3917
5064 8708
7845 1993
3401 5628
5210 2411
2075 7112
2933 1745
8361 2795
5958 2895
8285 1553
5870 2091
6984 8171
5704 4278
6128 5677
7999 5576
67 4616
5584 5862
6391 3428
6866 8138
8416 2482
4769 101
2635 471
4974 4324
6189 2088
3634 2894
1212 5362
1979 715
655 3960
3053 1586
5194 3848
6660 2807
4871 8878
8709 8010
7006 5662
889 235
2588 880
4363 8710
7533 2517
6180 5258
5937 4419
2565 3361
6477 887
4456 6706
6726 1718
8244 4008
5943 8672
7058 831
2372 6095
5800 7371
8376 6011
5750 8281
4148 6379
7206 1839
5809 4140
3755 8698
2882 663
7572 373
1357 4159
7363 3429
3143 7400
6850 4693
1798 1728
3686 2510
4945 7262
51 3265
2466 5760
1157 8214
3879 4467
8854 4129
636 4294
8677 2697
4529 4099
635 8206
436 8620
7776 4542
8058 2997
6716 7178
8502 7412
1022 7074
4021 3527
2060 7337
7313 1758
2209 8031
1870 1405
345 320
3489 2143
7819 6889
6315 5269
6033 5627
2267 1123
6076 1095
1089 2711
2974 2580
3113 2754
7159 7007
4501 8694
6229 3237
1437 954
1086 7618
6715 851
6483 5251
3063 4364
3123 6690
5540 8822
644 1091
6464 5585
1994 1881
3473 4719
1019 3473
7726 5552
2751 6630
3972 418
5227 7239
4348 6644
4682 4622
5443 8558
801 8409
1229 117
5025 8499
6609 8562
7457 5582
62 3460
7379 220
7947 1575
7209 7613
5404 6838
7595 3483
1300 7025
404 8007
3067 3661
990 677
4913 1288
4948 7413
1812 8621
8260 1043
7669 6372
4452 2033
1868 2171
296 4209
8537 2127
4384 2521
4374 754
5398 5435
3835 8532
1482 892
6647 245
4251 2908
1077 1370
6684 5620
6526 1562
951 7362
3953 7529
7126 4355
4052 7711
4355 674
5918 7688
5712 1085
4594 8750
535 4333
2741 5267
7864 2137
42 2559
8507 4313
6046 4463
1327 7898
7577 2080
497 5752
4459 2524
1804 4036
4144 8675
6691 8320
1353 4434
4050 1771
6982 1474
3371 6468
4463 1862
5184 288
76 7974
2260 6326
8133 5732
6454 3958
3212 8226
7907 3396
2425 7806
2016 3952
3659 4925
787 8408
6282 4025
7995 6890
3258 5843
1749 8025
8689 5404
5729 4940
4700 5288
651 215
355 1567
4590 2097
1662 2665
8563 5567
2038 7009
88 8232
2973 4372
8675 1390
3580 8045
3937 8814
5414 473
2125 5474
5618 5214
1770 3725
5745 7446
205 5930
8650 6231
2096 3102
236 2078
599 2258
7973 5308
4557 3887
3087 830
6136 6762
1810 4817
5691 920
4435 5865
1519 6341
4027 5904
2670 1765
3299 6988
4342 8688
3281 3629
168 8857
326 5545
6561 2187
4645 7318
4991 7308
8878 5987
4928 4093
7056 8188
7976 362
7248 3192
4775 3492
1775 3714
2904 3081
4827 358
953 6398
5348 5237
5506 7645
2943 844
4343 8859
1616 4996
7410 1744
7700 5890
7360 852
5623 2921
7785 7784
6905 175
5611 7358
3193 6411
3477 1794
6637 7050
4493 4989
4692 1653
5084 506
6350 6500
870 5372
5374 4244
1109 5266
782 240
6876 6302
1696 761
5924 3553
8897 4910
3878 7070
5012 2397
5447 7743
8206 470
7249 2757
7290 731
2742 996
8457 2378
8752 5623
2879 5731
3638 1923
2054 3100
3181 1876
1839 2119
4012 4811
5082 6103
1653 7798
5895 6726
4309 7629
7966 8019
8268 8421
6856 1545
7733 3695
2589 5923
5738 3892
8475 3346
8264 708
226 4952
4377 8498
4440 6607
3792 4299
478 7250
7605 8469
8240 3160
7866 7842
8339 6392
6882 5655
5080 5912
4802 4804
4774 2428
5492 4348
6064 7032
4122 1189
459 7723
5276 2819
2287 8029
5884 297
3152 598
2080 1774
270 8488
7683 2766
5717 1698
5488 2240
198 1775
8467 2746
6506 3789
7036 7527
6950 3556
6702 7901
5371 4792
2285 7149
2799 3551
3295 3369
7125 1269
4649 2431
3471 4691
7912 592
5826 425
2385 1456
7492 5568
8256 2228
6857 1786
4965 4203
4785 1732
6737 6480
8544 2906
7727 5379
7775 7065
8257 6508
4601 1798
4732 7930
5538 2141
6896 2413
1423 8412
4230 6327
7537 230
7282 5659
6546 1470
7314 8561
2997 2900
8792 805
8606 1704
600 3713
3992 6391
2637 2072
7186 4496
4618 811
3146 4183
4549 6390
3985 1887
3759 8092
3219 5833
5464 7971
799 6100
267 8194
5442 3084
4170 6363
8829 3647
8031 407
7065 5918
4739 5889
7945 332
6562 6290
2049 4787
402 4415
3915 7104
8358 8684
7141 3757
3511 2349
6061 4049
2746 4538
3737 6434
8349 3947
5265 3719
3973 7176
5871 1264
3740 2476
4323 7093
3774 6525
7132 599
8448 5256
5170 8377
4989 1908
261 8236
3519 7592
622 6409
7192 298
8230 626
2630 3506
6932 2522
736 520
78 5152
5519 6986
3691 6639
8367 5710
5121 7596
7336 6503
8851 706
6082 3450
273 7585
804 4702
8568 4927
2726 3579
1932 8360
2129 8726
3908 5163
3470 81
6658 8549
495 4335
4471 2331
1422 2263
1042 4731
3037 3016
612 6422
399 7416
1944 6294
378 1376
5107 6813
2655 7463
1877 6700
4522 4917
668 1180
4627 7732
743 8259
2059 85
3337 6053
8429 3221
4877 1980
6259 6651
8867 3546
5327 1048
1418 3967
6135 4885
6425 1556
3341 6839
3221 6711
2581 4123
7887 694
7059 4001
1088 5761
1321 1759
3204 8052
5022 3342
8684 1510
1303 479
850 5380
8896 718
3681 1521
657 1342
1806 5149
1608 221
1808 7557
3866 775
418 4600
5586 4015
1701 109
6656 2369
3940 5656
4111 1238
167 8335
2279 4413
347 5349
812 4412
3326 891
3568 3881
6879 4743
3389 3488
973 1922
1187 7964
5132 5195
139 723
4674 3653
1133 271
6568 8293
718 4208
1340 6751
1851 6624
2828 2084
2360 2989
242 5726
8433 5494
8225 3966
2513 8858
1748 4091
6109 6136
453 4836
2653 7297
3209 5814
3555 7169
2406 6223
8408 3163
7789 5293
1246 2352
1439 420
117 7474
2556 6406
8284 1455
4799 4580
1723 2199
4412 4356
6032 7776
6885 5998
7694 4053
4782 8778
2805 2457
5312 1346
7917 1355
7613 7384
4709 3717
7856 5212
1779 1041
2937 7907
5166 8624
2127 1439
5534 1094
7576 1107
3010 4453
2381 3075
7349 3734
5899 3640
3041 596
1970 6033
1688 8273
6205 86
21 3573
7851 234
3095 5024
5091 1356
1419 7486
6339 2484
571 7283
3156 4184
7792 2295
8305 2395
505 8296
6251 1374
4915 3879
3996 6367
202 5448
1394 6923
6122 690
1489 1811
5859 6132
8318 7115
5135 5196
8050 8253
7278 4279
6667 7890
7094 3191
2848 6368
3043 5391
8685 6993
3674 1522
7704 5182
1350 2739
208 8888
6318 1856
5978 4392
5915 7141
5505 1046
380 5486
5126 8020
2680 398
1295 6857
7469 6093
3606 5344
7610 7718
4419 7632
3325 1743
5399 5373
3983 5564
8707 2899
676 3440
4426 403
6808 5581
2405 4176
3330 915
2507 8900
913 8507
945 1843
6816 3225
1936 4746
8704 6008
8273 6107
5985 3358
1288 7774
5164 3454
7275 4455
1670 3354
1368 5079
4125 566
1466 2528
6580 7460
4551 8578
7642 8773
4056 2348
5944 4581
8266 3589
3938 7976
5134 8098
5185 6354
8705 1964
6216 354
4793 331
2072 3482
7268 546
8029 5346
3196 7855
4519 1219
8633 6161
2032 2984
3693 5870
6869 8313
7441 6429
1579 2076
2936 7638
1381 7753
877 4042
5237 5804
6871 7944
681 2703
8788 8730
5097 8626
1545 6486
3590 3042
2551 1604
3752 6853
6023 7587
6178 6655
1287 2074
6997 4155
2945 1353
2328 7225
7388 1574
1599 5590
3939 6028
7476 1733
1728 1419
701 5967
2981 8627
1548 2666
1842 3220
4174 70
3560 5309
3537 6801
1434 2104
4065 8850
5657 7137
8368 1639
1930 3687
2167 5365
7677 4985
4819 3213
6534 6824
2119 2776
4182 5781
449 8405
3106 7257
7004 6570
4828 1045
5930 6757
667 8512
6472 3243
4662 5497
4482 8101
5508 4659
7194 8269
4234 2027
8069 1859
751 4
872 5019
4794 657
1244 8127
8750 7123
4600 7017
4631 7982
6998 8190
408 8151
7097 1155
5139 3252
7686 7315
3993 7282
2468 8486
2814 862
1046 5884
4193 747
4229 4037
490 8480
8076 7038
902 8565
7329 2062
3026 2201
2802 7782
6303 8526
8213 5137
7395 1720
942 1528
3377 5895
5743 4511
6308 2632
7557 2540
407 3451
3509 1006
2640 4376
5345 5067
2687 4396
2678 3864
750 2282
8198 7894
8218 5364
3665 4195
5278 4429
3984 7553
536 8030
7103 867
4837 7417
6123 6352
3763 1079
2404 7861
7052 3303
7951 6408
4754 1158
6794 5832
2784 8364
5690 4664
1324 3494
4375 6628
1450 2772
7507 5489
7747 1338
1098 3153
2548 2591
4932 4832
6328 986
3868 5243
6187 8742
1461 291
7988 6526
7093 7761
4901 6771
5108 6602
7974 2019
8848 5635
890 746
4057 3240
2413 4794
7263 8085
8119 4864
3286 1040
1722 1931
6868 8737
6202 8057
8365 445
3161 3885
1431 2821
485 1498
1481 7409
8223 385
3496 6026
6945 7871
947 5969
7559 142
1986 1934
230 7162
5202 737
1121 548
7843 3407
4573 8772
1341 5951
3229 4220
4821 8343
2711 847
4380 5584
4449 4632
8692 7013
40 4227
1632 1632
8276 8078
7027 2053
500 7975
7431 7722
1647 7516
1101 4733
3851 536
5503 4055
4002 1917
6256 7323
3208 4344
4693 7313
4866 4475
480 5991
7340 1812
3891 7375
487 4934
524 2554
7399 6250
5883 8383
7335 396
7899 2793
8303 7520
5405 8898
4636 6376
2922 4144
3589 2788
1622 4000
1479 3438
2931 5529
2854 2920
2208 3464
2174 2957
7107 7090
5290 2518
7110 83
5100 8116
607 7994
537 6165
7632 3880
8035 1943
5776 875
441 198
2593 4386
3384 345
2768 3765
8531 3198
8070 5565
6734 2657
5619 1723
322 4737
7201 211
6004 2407
4783 431
1304 4566
660 1559
4667 3175
5093 3684
4292 8112
2815 6812
4474 2902
5149 8149
2224 5442
6139 6394
7081 3125
3187 8355
3382 5995
878 4160
5734 8386
3970 7216
5148 2415
1163 3783
7528 4576
4326 2384
1963 617
5258 5663
3332 5638
6371 4661
6914 1157
8566 8000
936 5101
2240 3591
7838 78
2685 4223
1735 3470
2462 4742
8135 6140
2414 7889
5571 2385
5010 1756
2739 4213
6201 4230
6624 7432
7327 1724
7648 5572
4026 7946
610 6727
4882 6130
577 4666
6359 2932
2370 7054
308 5407
4317 7541
3065 5988
826 2327
2332 4634
2329 1951
3224 3835
3512 3745
839 3923
3873 1304
5448 2542
590 5427
2579 528
7716 2977
8683 5746
3625 4317
2315 5910
6466 6599
2398 2537
2440 6096
1663 878
7088 3752
6788 87
6735 5674
4812 7781
4532 3875
7459 6453
8784 7756
2384 7018
6743 846
3732 7341
8123 1452
5948 4472
1075 7195
8486 6932
7800 4315
3305 7836
7087 7079
8880 6419
6432 7285
5663 5591
1390 4027
6493 1394
196 945
8651 1192
4359 4759
8227 724
2421 949
4581 7171
8174 7248
4920 689
6841 6194
7128 6082
755 8271
3754 7601
1087 6443
4486 5105
7012 6565
806 5041
4536 2251
1576 6293
6369 4892
3370 2935
6865 801
477 8270
7369 558
4032 6615
1495 4668
5954 2911
1753 3924
2162 1784
886 8780
4567 2114
8545 3377
1118 5413
721 6152
2014 4958
3362 8246
1063 7089
4531 2558
1612 6575
450 6854
1139 8666
2156 5169
4664 3685
2524 4530
2826 5791
1780 1475
6266 3530
8592 3114
2734 5310
6193 3487
7357 5593
5610 8860
5844 697
6589 2582
1878 170
8082 8283
5152 7005
7551 7042
5914 1087
2830 5122
557 760
2898 3972
4294 997
6265 6200
3626 1414
3020 6418
5570 7727
3263 7539
5368 3920
6891 3212
2658 6548
2435 7010
18 7510
1864 5397
1384 5906
742 8392
7015 3035
708 3197
2300 1518
3701 8722
8300 4180
8116 3541
3129 261
7068 4031
8338 4748
3268 8213
968 2575
5700 7881
6345 4937
8194 6064
475 572
4266 7288
5249 8234
194 7411
5066 7693
7958 413
4379 509
5817 5463
2201 510
4123 3461
6924 7245
5545 709
7892 4782
7320 4684
7377 1841
6161 6502
7387 3432
715 1108
8332 3519
4661 4245
1448 5948
8209 8067
4013 5817
819 5058
4074 1082
6744 1796
4183 2485
8051 4518
5973 5825
6277 8539
6550 8150
3462 5048
1606 5734
4433 3041
3438 971
3946 7448
8464 2422
5595 2458
4784 2232
5111 3398
697 4441
7257 7388
1717 4148
2961 5616
3318 1560
1184 5072
6211 1582
7744 501
6530 1861
284 3271
1085 309
2724 3326
2495 5369
641 1401
3944 590
822 5928
1227 5339
2851 5049
496 7614
2870 4861
8850 3948
8280 600
7689 4101
7556 3778
1807 6014
2694 4306
5001 515
7267 8449
7135 6541
6240 5002
1278 316
2062 1699
8252 6292
935 1120
298 256
6878 8080
4114 6179
2597 2504
5246 6577
8638 1257
2660 7575
7562 5807
1245 1921
2388 3855
7672 3886
1975 5562
6863 1464
371 6489
2804 1316
4862 4142
4222 7357
7069 2606
8062 284
3698 5738
4606 2946
3343 3833
5394 1511
8700 4374
506 4218
4807 544
346 647
7044 5739
1738 894
6029 8099
93 4553
2582 7131
4668 4656
861 627
6384 3836
301 1176
2833 8062
661 8167
1729 1101
1463 7470
5131 620
971 1826
6086 120
4672 3426
3293 7098
3335 1423
1532 5259
670 7623
3815 3798
3627 2301
7265 7494
445 8456
1547 5257
4595 3445
4163 5454
3934 5378
2561 1651
3840 7259
1347 4368
2916 5180
3396 8161
8415 7933
3016 4648
8836 481
4 232
243 7773
7983 789
7079 4174
8020 1407
8458 3099
7784 5138
2428 4477
8375 6373
2076 2186
312 4363
7527 6446
3192 902
8460 8868
752 3615
3791 6444
8882 6182
2314 7142
279 6553
4761 1102
4315 6001
286 7372
4134 348
2717 1235
509 5203
3250 6268
2845 6626
2305 4631
2284 5480
5810 4325
8217 6517
238 2443
5961 3838
3527 1672
5336 3852
2755 4954
5453 1178
2347 1188
6962 6221
7651 5597
5633 7751
7561 3392
3093 3383
869 7036
8182 465
1702 4130
4992 8192
6150 8090
8598 1382
2186 1969
3950 5092
5038 3818
3565 51
1084 8766
127 7748
7600 808
8581 6295
2708 1415
8849 3511
1168 3808
1006 8594
3134 4735
1793 3997
5218 4464
2506 3260
2467 8761
1502 7957
2909 50
1053 551
6993 5653
979 6909
5740 8176
5334 6361
4879 8225
2952 1114
1860 2667
4589 4781
8561 2861
1948 2704
2002 2982
7977 6012
8799 6819
7398 6880
7494 2116
4626 3082
5929 1609
3991 8251
4165 239
6159 692
2798 1244
2533 4098
6003 7382
7237 3267
1924 5716
7842 3107
2251 1187
795 7729
1069 8491
7499 2470
4720 1984
7485 8575
7636 5131
36 5796
2837 6805
8064 5839
239 1915
5196 6552
5138 2035
3079 8129
3812 4799
4034 3642
4425 7792
1562 1266
6690 7267
4189 5683
6661 138
1076 184
4829 6337
958 6395
999 3015
1401 2063
437 2858
8436 2101
5787 3824
1958 8877
6264 1543
6420 5255
7777 7147
6106 7744
1375 1231
5270 7719
114 2106
6508 4388
1636 5929
2654 3282
1635 2226
2747 436
3331 6646
6072 8182
2876 3316
6164 7562
3311 2288
4853 1293
7233 4169
6767 7254
6267 1994
3663 7869
659 2552
6786 7402
5356 7433
64 7730
3989 2844
31 2850
8379 7915
5533 8782
4428 8279
5620 1341
6909 3207
7593 2523
3116 4789
6360 102
2927 8006
5037 6934
5861 3193
7586 3298
442 3119
1471 5875
5741 943
6427 4121
2239 5548
8616 3318
2527 4783
986 2085
556 8274
50 2236
653 5706
1024 4076
4907 7991
6736 3171
2130 8661
5024 5209
8018 223
5561 6458
2433 8527
7978 7876
7772 5140
2530 8372
2190 1323
4517 1637
4361 6400
5703 153
2238 567
631 4812
3153 5370
395 3166
5666 3710
4208 3956
7975 3600
1014 6572
7880 4961
4455 8100
1185 1314
302 5151
6385 650
7016 3306
6000 8619
6338 6278
6287 2733
580 2976
1233 10
6124 3842
6459 5014
58 6138
6678 4584
5692 6459
7877 4092
7318 5081
7927 3196
4352 2962
4346 5661
7965 1842
5854 3433
1279 4014
598 1063
4847 5468
2378 8658
7484 2133
1360 2534
7526 649
5420 2702
5213 1546
7520 1715
343 2698
692 306
2857 6089
4836 409
8226 3964
1362 7574
128 3700
5272 4139
1651 947
1363 8545
2587 940
3945 4535
3941 1551
2095 5452
3981 6342
7086 5837
6908 8056
7852 8476
6729 1001
1291 1975
4004 8358
2610 2469
1587 289
2141 8351
3397 8531
8809 1417
8772 6530
6379 237
1610 2505
2177 1836
8208 1088
4625 7509
2860 646
5560 6818
7564 4543
2324 1781
6834 1683
1601 3672
1016 2969
4797 8414
6237 224
3829 7515
1520 8811
5242 2399
2487 8571
3054 6777
147 7415
6504 8154
5073 3257
1504 8679
8220 238
1343 4525
2754 7457
61 3431
7709 8800
1628 6942
276 1505
5919 8277
4339 6417
2078 1384
3036 6765
4510 7910
3194 4654
4773 6603
1805 3417
4227 522
6288 3202
5033 3391
5129 850
3880 516
7281 5457
1575 1145
3850 8492
6441 3871
2217 4978
5549 5173
3824 2653
7266 7606
1351 3571
8615 901
4612 1349
8472 5135
4586 6119
7834 7478
2603 2373
3603 179
7381 4112
652 6445
4591 3411
8760 2031
3035 8644
190 1504
6592 606
4724 564
2336 7028
1625 3478
248 3336
1786 1702
4921 3938
2399 3612
7536 640
5370 8128
3097 5993
7596 874
6153 3044
6236 4893
456 769
8114 5141
6131 1122
5465 267
4259 2515
4410 3820
1329 7808
702 5054
465 8374
3451 1875
5597 3030
4446 8247
4935 6815
8178 4948
1216 3584
6617 5314
1791 37
1383 2898
7264 1049
375 2478
8652 1242
6053 517
3234 3902
4523 7883
8721 2132
2619 1529
3220 6323
1004 1365
2557 1682
8281 7551
4527 1910
8132 5622
3430 6800
4213 2330
4686 2275
94 4564
542 6110
2906 919
688 5193
732 3521
6458 2785
3317 8086
6094 3844
7723 8073
6875 6841
4973 3323
7193 7742
7096 4182
8565 866
2743 5234
5144 2724
245 488
2407 7437
6978 3139
3760 6731
5637 4512
7317 3279
7722 6436
3524 1589
6160 4850
7051 6388
2348 3529
6887 2601
3826 1874
2564 3568
8497 2135
3174 144
6681 1073
4039 8004
131 8026
2835 4163
3888 4020
5470 1360
1514 7588
8287 7479
4888 4809
4249 6919
5702 1956
2491 4562
845 7280
2089 588
8192 7015
4883 6002
5385 3867
5042 8557
1672 4186
7409 4849
3680 3373
1642 7695
7076 1851
8275 738
1326 318
771 4514
8015 5735
5171 1194
1581 6544
1904 5883
3832 2444
2356 3297
2988 7155
8463 5074
1593 8743
5605 4019
8103 6951
5845 2170
5949 928
7119 2474
7236 3024
2461 2974
4176 4082
1855 7550
1484 616
6396 1815
6393 3701
7754 8812
6704 534
5865 4214
5159 8039
6429 7435
8047 7496
820 1429
7146 4260
4822 1930
618 2198
2069 4889
6611 6736
4555 962
7176 669
319 5618
3520 3439
3919 2689
3176 3540
3773 5609
2237 5782
2289 2216
2245 444
6620 5029
3071 886
5671 4808
2665 4298
118 733
2839 8481
3622 64
5322 8576
6068 5424
257 5098
1679 5326
8519 961
8624 4708
6269 7127
3742 3829
1249 8705
1500 1480
6605 5278
5283 7900
2652 3152
6725 4795
818 6124
4201 5727
7415 5964
5928 8422
3906 7393
5482 5996
125 6366
4233 969
7028 8366
3383 7818
6375 3181
1498 5644
7968 1175
6148 1666
2431 5961
6069 7525
5275 3561
7315 2020
3420 4307
639 3206
5632 2867
5770 7122
1380 8509
7463 4028
6533 7367
1876 1831
3677 6181
1940 2089
4789 6437
5856 3359
5029 7392
5710 3404
3018 8024
3816 8282
2364 5238
4077 1607
4951 8628
6913 5607
233 1005
3211 4398
5530 3828
3450 1208
4097 1291
5127 3796
5778 3189
6745 1469
6151 3552
6103 1473
2543 5319
5264 6068
4391 8768
1378 6677
6467 3908
7766 3656
1073 1603
158 3856
3531 6237
2126 2207
7443 817
6944 8632
7010 8033
8157 5342
1210 1584
4743 6922
4927 3245
572 4842
1609 6483
4321 6251
7488 3509
3064 7450
871 6797
6418 5299
4080 2712
1676 2647
5818 7380
1280 1483
5191 7053
5805 8308
8728 835
8127 8887
3628 2991
2037 5398
3256 890
6864 6789
6057 1054
6588 248
2309 3680
32 4024
5825 975
8604 5300
6569 7611
2409 2633
8485 1885
7090 8540
7232 7223
1174 8550
4018 3638
7055 7567
6227 6578
6956 1185
3600 6474
1477 2495
918 55
2539 8871
8428 1712
8860 4349
290 4353
8755 8375
4460 8424
7501 8681
6453 8336
5407 4744
6700 2722
3532 1214
5635 8276
2990 6843
4306 5968
3227 6681
7685 7333
5782 6036
3549 3601
3175 2362
5668 5705
5395 7803
4619 4627
7628 449
8063 5718
3034 7244
8355 8496
4368 7536
7760 4405
2633 710
7732 4732
4944 4913
4001 513
6186 4013
1929 3457
7853 1734
3425 6425
3356 6052
1061 3724
621 7679
6923 426
5391 1739
1499 4240
7393 4603
174 7925
4055 6821
3696 5540
585 2735
2411 1992
4436 3002
2855 192
7367 828
4537 3362
8046 3746
8299 7572
4815 1914
4708 3018
2698 7952
1165 7752
2140 7316
7538 1594
3452 1307
6233 2129
2852 508
6594 8636
603 1002
8235 8740
1503 6229
965 4569
4596 2177
6062 5697
857 727
4479 6748
3499 3337
3508 1818
8125 8135
2787 7189
4313 3203
553 3518
1286 4490
2094 2641
5795 5438
5449 7363
980 6692
2400 7444
5714 2435
6931 6271
2607 6907
8833 1694
2079 2004
1596 6638
1339 8009
3319 8748
4184 7012
2583 4276
1417 6956
4598 1051
5742 1519
3423 7825
1270 6324
1926 6887
7510 8501
1746 7096
2236 8177
7144 2205
5261 7374
8901 8897
1649 1613
4954 3646
4914 4331
6171 6975
5879 4528
1856 5733
7293 8168
8340 6112
4304 7605
7071 2204
5658 6019
5768 6782
3892 3475
4484 1708
8776 3126
7565 5191
5032 3682
6964 5239
5531 7370
8343 1932
181 2655
5753 4537
1473 2448
5722 3286
747 7939
8795 1113
8093 984
3963 4672
8219 8349
1916 5594
1889 1953
963 8796
5494 4458
4129 1438
623 5242
1258 8268
1537 1177
3495 7274
4933 4819
2760 6139
3717 5060
1225 7228
6463 1646
8798 5011
7774 6595
6175 8369
1974 4609
3682 2464
7309 1271
2617 6211
6217 2393
5015 495
7419 641
6098 3524
4324 589
8588 1193
3049 5748
4291 8197
1872 3215
3594 428
4197 7624
4983 8670
8822 6055
4051 6205
8564 6869
3544 1248
8274 5774
2044 404
6762 5113
1897 7673
6199 539
410 2417
5769 5687
2021 6296
4040 8680
3004 629
8288 5061
3962 2317
2147 8707
7347 206
3376 2604
6488 7434
2490 3376
1240 7305
4605 8361
6698 2002
7512 2868
6271 4338
8865 2309
3967 2441
4423 6653
6223 2847
7882 3542
957 7364
928 1611
2221 4418
917 8520
7782 4546
5440 7897
4718 5598
7210 8337
4697 6755
4813 1168
1853 5957
3342 3199
2041 4081
5176 3312
539 3219
5311 6674
5169 514
2900 4215
313 5490
3453 5043
2911 4127
1923 5249
4337 2801
9 974
4429 7063
7471 7844
8304 382
7486 6680
1164 2749
7918 2402
5829 3071
2820 4200
1322 5637
5573 4021
2966 2335
7483 305
5767 2325
5151 1350
8007 1421
8494 2386
5629 771
7477 8546
5162 1409
6897 7190
2514 4235
4765 2196
1533 2255
4239 6631
3836 3936
7674 1146
320 3329
6780 1835
90 3814
2319 6842
4167 7581
760 1907
6020 3178
6986 8662
2422 5284
3138 8310
3728 5640
6145 6687
6214 4301
7903 4540
1900 6516
3439 3873
7950 7219
2195 7739
2559 2869
7569 3132
7216 3520
6858 8038
2676 3466
7202 7499
4422 2797
1096 7051
1620 6227
1318 4765
6849 1552
1776 2756
1947 478
5689 2938
8890 7929
4358 7103
333 1298
269 6967
698 3670
2181 6784
5195 8622
3469 8117
4128 3087
1661 3070
7338 1523
3788 5808
8580 5087
5501 3129
8779 3382
8057 7264
2951 4358
4962 4400
1136 406
3718 4257
2628 967
4806 720
8538 5757
7217 2167
2301 2100
3574 5986
1773 79
860 1572
7339 8083
195 7775
3976 3500
551 3148
1777 277
647 4034
638 6343
3853 1966
8583 2015
70 6618
2030 273
5638 4976
8619 6962
8309 3241
8016 5715
8794 6075
4926 3046
7170 6076
6439 5219
710 8401
6295 1853
7639 6238
8696 4075
288 7014
2158 6738
5550 4336
5186 1600
2131 6462
1235 1701
5293 7049
1720 2732
5941 8833
1527 3095
6026 3897
6469 1757
3012 7561
3954 8729
1470 4612
4713 2337
250 3648
4892 5119
6769 243
1467 6133
2111 4072
5946 6241
5280 6750
3959 2438
7571 642
2394 3157
8162 6032
3367 1863
256 157
5016 5723
6582 873
8895 2214
3163 6248
8490 7651
7583 2453
2894 2674
414 1201
6999 5414
486 5426
3426 4586
494 6682
5979 5938
3900 5963
8296 7916
1962 3927
1618 147
4736 3364
6967 6131
5643 1111
7909 1453
3830 1362
5472 6198
3206 3850
3329 1206
8661 5204
7198 3679
7480 2117
359 1534
2785 1982
7555 8233
8647 343
5602 759
5796 6169
1262 5330
4637 334
8205 7253
2921 6924
1372 7771
6686 8523
5968 2637
843 4226
696 4354
3540 8378
7767 5018
5114 8322
7884 5009
5552 5503
7521 3971
8146 8595
2806 7396
6059 2314
4272 7071
5685 5536
5815 6463
1400 5546
7658 6299
5626 5444
6886 8060
1949 8437
5416 4350
3301 884
7433 2972
5997 7439
7100 1252
5028 8321
3688 8173
6166 1803
7163 5793
737 5853
6284 7116
8663 3141
5664 5340
8708 8630
1716 4699
7729 1454
6113 1684
2843 1211
6038 3658
5200 1179
6581 5671
4319 1911
3505 1909
834 1689
7761 2849
6067 5742
3578 265
6507 3447
2420 7349
6942 6908
5441 8302
6862 2230
349 913
4607 8210
8153 1324
1648 8290
1708 5304
96 7298
2572 2806
4296 5094
3015 1721
8625 6016
3465 4969
717 2267
1155 7824
2107 4330
1611 958
4746 5507
6093 8156
6138 2607
5115 3459
3799 5303
204 1471
6085 6180
8698 4125
6435 2178
8534 1696
1148 2919
6826 6306
4639 1770
7506 7272
1680 5103
4104 3021
106 2096
3545 8199
2807 4161
6893 6079
7043 1870
5528 6683
6044 1213
1660 2668
3300 3536
7786 5665
5718 7968
4468 8717
3313 4259
6198 7491
8864 5109
1057 4478
8899 3890
8059 3617
5474 910
1346 1153
2269 2809
1709 6785
5992 1080
365 2813
2415 3950
8667 2
466 5958
7797 3294
6587 7128
1828 1275
6751 6636
6035 1012
3475 3992
5527 2005
3000 1601
7190 5021
4630 700
4416 8441
468 3343
2568 3155
8886 6441
5421 7891
2412 3945
2386 2963
1668 3868
3535 5291
180 8805
2908 7804
5034 682
8763 368
5240 8461
5693 4823
2359 7256
6442 2874
5947 4061
527 7389
4937 7604
8166 427
4366 7528
1015 557
7891 4433
348 7684
2223 1372
976 6514
3394 5645
1023 5919
7401 1310
2087 8849
2283 4417
3195 7812
4721 5181
1159 1373
7850 5189
7002 2310
6801 8716
2902 3937
6434 6003
5697 1336
7699 6611
3692 7436
1268 7880
3550 3416
6518 5136
339 5417
4275 8239
8818 6254
1902 701
2721 7487
6024 7696
4795 419
4404 6977
924 4964
3702 3762
8777 5099
3001 2125
6802 4981
3118 5786
8889 664
3272 3740
933 2180
7321 6309
8351 4701
4719 5145
8250 4168
7167 6291
224 275
781 6582
1569 8779
3380 2190
4833 2273
4041 4863
7644 19
2869 3894
2574 6847
3412 4016
8872 741
4950 3652
3504 1133
6814 8699
7602 5522
2151 8005
4487 5030
192 3777
7374 519
8773 8551
2050 4628
6824 4710
5153 7356
1595 922
2365 5153
876 2328
1757 4871
6127 5295
3905 2971
6444 2036
7646 8769
2139 3795
7022 182
87 8847
7630 4828
6319 7495
4344 8195
7516 3047
6496 3038
3414 990
6155 408
5980 8046
5439 2163
6673 3208
7473 2547
3577 6850
6591 1334
3591 5197
5076 4181
5747 1730
8729 6091
6921 7832
3729 2884
967 1898
846 8140
3965 5997
7172 3436
4852 214
3027 2645
8887 1670
658 840
2895 4986
8553 3907
5289 4876
7963 4351
6019 5005
5593 2010
538 453
5046 8592
1534 2624
6144 2257
8439 1071
646 3707
8199 7733
6551 7152
3448 2820
4290 1329
7152 7138
2424 5721
4617 401
4205 7764
8308 4766
8680 3247
6639 7277
122 1226
7312 4362
7641 8061
7795 3860
8315 3978
5325 4204
3841 6894
529 3026
5145 274
1296 8035
6927 2679
8314 6684
593 4427
283 2587
3651 4446
5757 6600
7481 8775
6538 5220
1796 531
7487 5036
7060 1084
1158 8874
7671 6860
3601 6901
8383 7438
3173 4316
7365 8668
1254 2612
2085 4874
1559 946
2052 8838
6364 4451
5239 3162
1223 5847
1207 352
5496 1950
2313 1488
4824 376
2213 5604
3369 4151
6302 5514
5089 7699
1895 8478
8762 6698
428 6566
8430 5401
920 1654
2856 1460
950 3448
4059 2901
4081 2585
6016 631
7274 2357
2326 7410
1727 5174
5483 1321
1111 2156
6708 4557
6845 734
2668 7848
4335 8342
6614 2805
260 832
6028 7780
4091 7646
5790 3533
5857 8844
361 8147
2101 7482
3432 4882
431 374
997 3272
7862 1154
2886 1615
6755 1924
272 6820
6152 7502
5808 384
4164 4673
7619 717
5317 4187
7070 960
5784 168
7364 3987
6169 2336
7513 2584
6304 7791
4357 5057
7997 1832
8883 2995
8014 6121
6710 8637
2475 364
7588 1412
8056 7737
3621 2184
916 7986
3909 5940
2194 5246
8891 2338
6413 2126
5572 3210
4814 7720
4742 2955
2756 7948
2353 5603
2979 7569
6042 3931
6778 5357
4525 1920
7253 6186
6125 8204
3608 4740
4405 2259
8550 7266
2949 2896
6225 8642
5257 3025
8139 7304
4120 3147
1769 3974
4844 8723
2673 3449
7919 201
4764 1361
6226 7950
6929 7041
6030 5559
1114 3174
1337 6381
2793 2841
3911 3127
2408 1169
775 5143
3289 4189
1528 2918
7018 5090
2211 4545
4256 6886
4716 8430
8033 7662
6110 1804
1393 5617
8432 4578
581 987
3872 3514
1913 5028
4749 5390
776 7361
5304 5842
2160 4757
5520 2155
3805 1217
6333 6587
1072 8091
8556 918
5418 4725
2013 7000
955 7466
6039 3285
5548 3722
1741 6960
8081 4253
7053 7705
6060 4856
6456 4258
1358 5985
7590 30
179 2840
8620 1422
7391 7052
3595 4283
4580 3076
4599 2112
3217 8081
7472 7530
7979 5218
3047 699
1170 4583
8233 6099
761 7546
7014 8735
4420 1378
2057 3846
5047 3109
415 2610
2977 6235
2471 7385
4207 1283
2995 8148
8686 7023
4934 2234
7653 4523
5651 3418
6859 4469
4780 7831
7859 1661
8075 5911
1488 7406
4609 3288
5452 6989
2642 5914
4023 4633
3776 3367
8452 5210
6916 1468
8148 3922
4265 8298
6430 7533
6092 351
7482 7862
6212 3625
4330 6403
7948 3663
121 5437
4496 4750
5959 5802
829 1425
8669 5953
7833 1570
3160 1847
7187 4646
6021 6307
4572 4658
1356 8654
7643 5004
8662 4047
4574 326
6417 5001
3253 2940
5179 1166
5848 6958
5072 6197
3779 3769
1845 3926
5226 3001
7161 2467
6 7531
1238 3929
8879 2061
4805 7399
5281 5159
6382 8027
4781 7100
3767 5857
7470 8886
7768 1761
6521 4991
931 505
6930 6937
229 2811
4959 173
6248 7237
5881 3807
4219 2423
6052 2595
4613 6004
2187 2774
7883 3522
1987 2500
4968 3090
7692 3400
6373 5120
3722 1445
2608 5712
929 5066
3022 2999
8239 4858
5363 6256
5925 4685
5251 6897
2020 8583
2123 1729
5256 7708
4770 4838
520 6649
4185 6102
907 2497
467 472
8418 1035
5459 1150
8371 5352
6258 2093
2361 2304
6960 6168
7136 4862
4839 6637
6985 3051
8697 7682
3666 3406
8501 6447
6936 7990
2778 4485
2786 3121
2842 1813
4578 6763
5366 621
4221 3370
788 5461
7728 3535
6143 8108
5758 7348
6294 5010
1454 8685
1438 5363
6372 286
6344 1225
7394 8667
7881 4231
6890 8582
6646 1810
836 3113
1819 152
4952 4323
6363 1846
8761 2496
3783 5498
6804 4102
4427 7488
3308 8407
2273 3254
2204 6449
2387 2659
6636 3056
7543 2287
1237 3915
8034 2208
8804 3613
5991 461
3964 8003
1060 607
8462 176
8193 6547
5670 447
7105 180
6616 7311
4186 1222
7414 7227
188 3444
5858 3355
4431 707
2357 7174
6558 2676
8120 361
1428 6329
4695 6357
4728 8387
452 1434
4966 5651
8325 8455
3982 5375
3673 652
1175 4067
2316 7655
8099 5939
6222 2039
472 4824
8614 1300
8269 1971
1784 4010
1365 5164
7171 4775
689 7291
875 7893
6279 4105
5048 2110
7162 2879
4498 4844
3355 4198
7816 8465
8857 6466
6289 5420
8092 8607
8403 8459
1038 1768
3085 6936
3126 4395
1546 782
1787 5722
2553 8606
3215 5064
4670 4243
6230 7805
6773 7088
6232 8445
3979 3587
1739 4501
1852 4196
305 5059
911 5224
6823 7097
8496 4448
5656 7678
5736 191
1277 3308
5035 7332
1530 8776
8743 4449
8546 3919
6043 1797
1540 3375
2011 6662
5939 1010
1200 2270
4641 6996
1219 6257
3918 4531
4520 3315
6091 8105
866 3702
7243 6041
4717 2569
1508 8548
6693 2252
1008 5328
3182 3270
5059 2860
7871 906
7420 1970
5838 6720
8247 6521
6574 1520
5222 1809
5706 6350
4437 6234
7867 1261
6937 486
4800 2829
5720 2221
8584 3096
868 6080
3005 3296
3406 2652
6532 4761
5596 6162
6791 7879
7214 1343
2537 8623
6731 772
3115 60
2522 6371
774 5316
2702 613
8742 8211
5986 340
4552 893
7252 779
4333 1893
4096 1513
4851 533
471 7464
6904 843
7788 7779
2047 4968
6486 1410
3157 5650
392 5794
2693 7077
8426 3515
7130 6281
7445 2390
7185 7810
6948 4312
3715 2278
5517 5073
8232 6331
8241 8205
7953 5800
2600 4173
3582 5484
783 5909
4254 2161
2106 6481
1449 255
7129 6747
7454 1631
8078 2371
2682 5356
403 4064
1496 3277
5582 3168
6073 676
8778 7590
7149 1542
3265 3781
1267 5652
4115 3489
4570 457
297 430
4960 914
856 1782
1816 865
3784 2581
458 8436
2987 122
4152 2148
7244 6723
972 5471
3885 7545
5279 8803
6740 6072
8806 5835
5462 7235
8885 4714
1854 5233
8196 4314
1927 2618
1833 1212
8378 3755
2292 5012
7902 3430
863 4228
5282 3394
1943 7983
7676 3790
4949 8719
306 7802
6387 5578
4015 8502
757 1089
6104 2102
2818 6870
6892 8648
2794 4288
6342 3112
8493 6648
4225 3669
6415 2953
3514 8028
3105 18
6820 8752
2609 785
5798 4267
4988 7667
444 5860
5822 5512
2846 3859
5299 4559
8820 4951
1424 474
7049 6081
3658 783
5214 806
3995 2095
1311 6339
7241 4289
1712 7168
7509 2244
7542 462
7455 5469
162 1674
6149 8115
6246 5992
7258 4022
3467 1854
4489 4770
7174 253
115 4391
1195 2726
733 2710
3259 5076
906 8556
6450 3266
3553 6214
3145 5681
4993 5648
4177 3592
25 7342
6027 1925
7718 5805
5161 6598
2590 5685
2454 1999
6718 5124
8600 5533
3162 2058
6162 115
8605 8598
1302 4604
1177 1029
4154 1691
4364 5855
4940 7858
6628 6005
6348 8201
7810 6510
262 7582
6600 7758
4659 8122
2067 3941
3387 7234
7890 4752
1370 3253
1572 2857
4898 8256
5349 1937
3408 4345
6799 322
2992 3636
7169 7294
7580 3619
8074 6980
110 7459
1297 8301
2100 2157
5274 793
6907 7904
8863 3866
1056 3863
4088 293
5791 6141
3876 2715
6389 7785
6545 4340
5521 4807
1325 4662
5831 3991
703 3231
6451 3190
4106 730
4198 7725
513 8368
3678 4052
6471 7787
4868 7431
4744 8528
2950 6759
3476 1501
2748 743
3777 798
8249 6701
1945 3683
1367 2852
2775 1215
6005 5179
2436 3495
8505 1789
7180 2892
2193 6448
5019 1494
6045 4197
4556 225
5807 5386
8154 246
5830 3324
2664 6473
5669 6579
1066 5345
1888 535
3009 7703
3745 1484
8812 3365
8719 5381
6965 6916
1844 8244
1750 1673
4876 5332
241 3216
714 2763
2464 896
3559 32
7815 6319
3597 3825
1614 6040
3510 7579
8803 4179
2896 7163
8579 6252
2325 416
5786 4683
5516 2662
3731 3268
5142 5621
223 7769
2877 1337
6657 1294
8191 8184
4235 8712
2055 4769
6409 5925
4735 1000
4116 6438
252 1700
2458 2583
5995 1139
1984 6867
4255 8402
6330 1479
4835 2934
8032 2462
2390 3772
4178 6167
6822 7951
6648 5608
4730 3048
2034 6506
6920 3668
2770 5740
5900 3072
6307 6947
3719 2753
1149 6939
5095 5649
4409 4950
6480 8790
1837 4084
2821 8439
2149 4575
86 3949
1682 2307
1282 1028
6478 1517
5013 5144
896 750
2227 4006
5867 1569
4274 8854
2718 8659
1820 3077
5175 1882
300 2447
8049 5478
8289 7600
3778 8254
5054 6984
5627 183
144 4536
7739 299
8758 6914
7897 2562
8437 6957
2863 2437
8109 7139
246 500
6877 421
4376 3954
6852 3698
7114 8450
8413 4953
2104 2609
741 1740
2632 1677
8004 7029
1261 7760
5744 788
2028 3290
7226 1641
3798 4232
7574 8084
828 5754
7573 3830
370 7120
4751 4920
3968 3555
6088 2283
3282 2713
7961 7834
7427 5518
5489 2064
5754 6315
7099 2656
4918 1332
5375 2751
3521 2719
2207 796
1997 2743
5030 5854
3074 7383
650 5780
4561 477
2296 7919
7640 1958
7207 3999
1332 8187
8509 6634
8201 4242
7618 702
7346 7783
5567 7713
7254 4722
4990 6460
5373 4777
3214 7373
2416 4510
8445 1393
954 2351
564 4202
124 7214
8072 853
4386 4390
4477 3510
531 1032
2889 5699
2497 7928
1875 140
7287 2445
7802 5941
2923 3313
6055 7741
4191 4997
8243 6464
6607 5446
629 2044
5389 4565
5083 3560
2222 6753
7048 15
6087 1514
6327 6154
4859 6974
2953 1031
7295 493
5916 4371
3929 1335
2567 4834
6174 1676
5232 2306
4929 5704
12 4266
4064 7391
1971 5353
4512 871
7668 4993
5852 1902
427 6208
4978 2529
7886 4881
6918 8895
944 8593
5532 1746
6712 1018
7865 3289
1592 2120
615 3067
5101 3111
5406 68
5485 6512
7539 4224
6756 3779
793 776
5603 3446
2707 4597
6448 2426
2189 5027
6652 5566
5224 5589
5361 6794
6922 3187
7552 8842
8642 5095
7725 4058
5006 3372
3551 2211
5836 1713
183 7350
5621 4234
1194 8130
4543 2759
1064 2360
8248 5200
5392 2823
7140 8612
6689 5667
6465 4516
8712 4972
3266 1136
3623 349
5945 7159
8451 5892
8335 4054
5346 6018
314 3250
6247 8647
7770 5183
8478 3441
4998 7381
5077 4797
8265 1948
6560 614
1566 7740
8065 3325
7956 3543
7098 1776
6377 6545
7434 1462
7502 5080
5079 7517
4401 2451
6727 5717
2703 7157
8037 6333
211 5069
3399 7580
2932 8884
6431 4367
4190 7788
4424 5213
7326 4343
3886 6364
858 6230
2363 1148
4204 8852
4406 4588
2782 7724
4353 1272
7375 2838
5437 292
1231 2535
665 5846
129 7270
1588 8774
7298 4393
995 2206
8621 7233
7896 959
4387 7882
3285 821
3727 6725
5481 1371
7657 6707
6653 99
1265 1564
7604 6671
6156 4442
3025 7368
4025 2544
3662 6807
15 7602
3581 8388
6516 1593
5192 1955
3119 1328
3421 4667
4093 2910
2446 6791
1310 8676
7444 3675
7783 2639
3883 6643
5539 188
5841 6114
1911 7453
4260 4550
2611 4605
5760 5032
1228 6042
6958 2550
8748 5348
8747 3815
6651 1116
5598 8758
2801 7603
2250 5660
164 2617
7708 22
2645 2708
3679 3172
7040 908
2576 5942
4031 1351
381 5981
1785 1061
6395 7102
6828 5460
2623 3194
1973 7339
4054 6499
998 8002
6280 5433
3280 5126
6783 4573
1801 2964
1110 2810
310 3721
8543 5367
8242 6451
2596 6017
7292 604
6634 8163
1232 3935
2291 8434
4103 4894
1176 6206
6163 151
3418 5301
2345 371
1047 13
254 6872
3333 7414
4634 43
2310 2131
317 4726
1269 3134
8327 1537
6586 7022
8470 2294
7319 728
4378 8248
7013 6704
4467 8608
3631 7959
6837 5872
8827 8721
389 3605
6147 1200
1802 5924
416 7902
8087 6164
8506 8142
8185 4192
6013 116
8399 7002
2732 3545
141 8294
3327 4272
2544 2514
1138 6320
4568 1645
2667 6691
514 4443
566 1340
6231 767
8489 3063
1795 1590
6314 5341
725 5502
324 2622
1405 5107
7989 6067
7625 6300
5715 7215
8113 8718
2482 7004
2105 6973
5291 6345
8215 2501
6329 4009
4673 4554
8832 8102
3585 6310
6313 7635
2534 2471
1957 7827
5680 2375
961 482
1893 6928
4009 7493
2570 5411
3548 8797
2362 4896
3720 4983
5486 639
8382 980
2242 3149
8713 2525
1274 6742
4269 400
7581 4652
6813 7988
5536 7143
5292 1566
7540 1138
5426 1525
1698 7609
2358 6665
8412 751
8572 8798
432 1103
709 7523
7137 7024
2569 128
105 4571
6677 7813
8521 8356
1275 8511
6576 1363
3076 2383
6870 3590
5337 2022
3336 4623
6323 2388
5765 5441
3443 2008
4603 5160
8357 194
1116 7698
5701 7252
5975 757
4867 820
835 5573
57 968
187 2694
3525 3182
5467 1495
3837 8229
7011 4949
7283 4284
6966 6009
734 7321
2256 250
1182 6737
4113 2673
4887 4347
7762 1688
2700 2069
7341 5698
1124 7243
2479 4845
8751 141
5498 825
7160 8744
4171 4465
769 4407
6165 1669
5967 1461
5435 5694
2836 4711
7530 7704
5614 5678
649 1977
73 6830
5062 2070
1736 3356
207 3845
8593 7301
4740 7317
6540 8315
2740 1697
7273 5787
1379 3161
2663 6527
7222 5897
6468 8794
6757 2845
569 1827
7323 4854
4615 8653
3801 8181
7959 8566
7587 6118
3059 169
7073 7094
7134 1763
988 1109
4138 6667
48 4818
2220 6346
2004 4803
619 2083
3223 7394
334 4062
4687 381
1732 8324
7197 2960
8699 7681
4656 608
387 8224
7262 3138
1490 5579
7936 2366
4365 3705
3210 5208
1742 8292
6707 1437
178 1408
2874 2321
426 881
3884 1986
3050 7154
8061 8340
2026 3101
3871 5275
6412 2848
504 8186
6495 8518
1059 45
5524 7584
1132 6892
8291 3136
2577 3562
5806 2573
6283 5445
1619 7165
1058 8288
5662 6334
7148 1060
6473 2511
2288 6906
4759 5117
3454 1056
3078 8198
7030 6590
3557 6145
4779 7238
2333 5104
2580 5874
1763 1064
2306 8153
6810 5851
3178 923
2015 7716
8094 5116
533 3091
2769 1742
5303 7121
1693 5962
7523 2138
7115 8446
1264 3912
984 6424
5319 7430
1395 1625
2346 1398
1330 2231
5268 5934
2086 6543
4579 1253
8517 4657
4804 8097
5409 5292
3543 4866
560 2049
259 2615
4762 4921
1239 3307
1026 5506
7345 3537
2575 6151
1065 742
6754 6261
6190 1855
8138 4900
2383 7863
7037 311
5977 4897
8121 3979
2914 1083
4464 7287
934 3610
6990 5745
5383 5111
4830 7465
4105 985
1961 1246
5231 5194
462 1318
7204 3858
1427 503
4298 301
7741 2802
1506 5434
730 7062
7400 2541
1675 2353
792 3103
1539 254
8548 5956
7247 5083
4156 678
5124 2284
6370 5863
1859 4085
6405 6810
7911 294
3751 6061
4408 2269
2457 6224
6378 4703
8511 3368
3104 4816
5628 4637
1259 203
4242 2105
690 6184
6835 637
777 560
4706 5831
3046 1308
927 7483
4417 2408
7495 1627
4347 3249
8104 4513
7854 8865
7908 7477
5688 1967
1513 1249
8434 7728
3147 6201
2494 8802
323 4249
8554 6455
8783 3057
8170 4005
7631 7232
4976 5848
4640 612
8010 244
4738 4124
2493 3759
4327 1019
3003 2881
1373 5477
3455 4383
7106 7019
2697 1065
1100 7289
3794 8508
6934 2588
1456 8036
3960 4401
2138 749
7175 7521
6519 952
143 6621
3930 7981
429 1799
4577 2246
517 8231
8791 6288
3572 1472
4886 7650
5384 5927
85 3093
4445 1086
7568 1207
2389 6084
2753 9
1544 1945
5976 1894
4110 8034
3619 6814
1600 6213
493 6387
6108 6421
2913 7185
6132 25
2825 3020
5646 2954
8136 6125
7153 498
5466 797
7220 8417
6553 4424
4905 6632
1977 8384
7757 7290
630 6142
5381 8243
1106 6240
756 53
8786 3644
2172 4420
189 8041
6635 6524
3746 3738
5875 429
4582 5675
3338 1359
7827 5893
8547 5462
3449 319
4218 5989
880 7859
2994 417
6772 2247
5352 1741
7835 2241
5088 5479
1371 4486
3480 2454
6633 463
5469 5606
7984 2412
6172 7001
1920 7747
2888 4663
6959 2539
5834 3968
7822 1624
186 121
1253 8396
1092 957
5190 5728
4731 7249
7456 7616
7189 540
766 7209
405 4119
767 6874
3435 5920
5104 8490
4825 2836
3278 6204
5021 7856
8124 7442
2453 380
1669 7473
2571 2812
2092 8015
4286 4678
5681 5881
2552 765
8306 7817
5238 1509
3127 5714
4881 6715
5211 4970
2298 3023
1410 2037
1577 4346
2757 7937
1655 4610
2648 7838
1399 123
8846 3990
5963 4687
1102 7958
4047 7008
362 8505
7322 8755
7969 1118
6095 6090
1830 4255
7839 605
2124 1221
303 7236
6548 8235
2231 8217
785 4847
7218 4944
6954 965
8163 3534
421 1801
2585 8172
5314 4741
7828 3340
2528 5464
4400 6804
5696 48
2789 1181
3607 6498
3769 7492
3912 7197
4329 7914
92 7359
4049 7072
2264 1256
219 1466
3924 1998
4632 3055
2379 5571
7617 3165
6597 5075
3444 2213
693 3706
8067 3569
5675 5207
4336 2442
8168 222
2683 1229
7479 5725
401 3639
8441 8453
5733 1857
8350 8665
1965 4439
356 6491
1349 1184
8702 3893
5359 2660
5320 5272
1605 4011
895 2716
2438 1327
4136 6925
7525 336
1937 1446
720 7608
2618 3994
803 6903
6784 7665
691 2118
8484 7352
6063 107
1964 2341
2465 1983
3391 7501
7138 6399
4173 7045
6520 1183
3309 7875
1483 4962
7811 6877
8607 1714
8796 6383
3230 7996
4509 1614
4688 5916
888 2016
6079 687
8601 6156
4238 4620
2268 8832
220 1389
552 8200
3834 6614
3563 3073
4621 5165
4811 725
1899 6656
4210 7680
7970 3413
5529 5483
3708 7878
2006 3491
5027 5277
1831 3606
4620 5669
8665 5936
3124 3143
2795 6173
5892 3387
4252 2333
6717 2424
3013 7637
1374 1554
5324 3480
549 268
6838 6325
6446 6215
7621 7064
3670 1162
3270 7620
6158 7643
5640 5601
6485 8533
5749 6933
6758 7080
3761 936
3649 4669
5004 4410
6747 816
2376 1223
7490 3739
6077 2358
1556 7960
4820 5262
5756 2822
8024 2519
5434 1276
5772 7135
3416 5388
2498 8732
6980 5051
3023 5822
6422 73
5788 8222
8831 1096
4454 6513
5908 2406
762 7119
2736 2308
8595 2917
107 126
4160 5908
4979 8400
8118 4955
3917 7851
4788 5612
5351 683
903 8221
1901 2936
719 8123
304 1935
4916 8617
2343 2937
8272 1731
4453 6532
7554 628
7933 8787
671 8880
1689 3995
3323 7207
4685 3144
5694 4747
8295 3123
6991 8543
4703 2790
4994 1805
8425 6954
8828 3185
8115 8023
2616 6116
6078 252
3291 6047
2714 5156
5165 4254
2441 1968
1361 5228
3575 8771
4244 8238
6245 1210
3624 857
3710 4481
6336 5405
6291 4721
8894 3474
1160 8702
8825 2651
3707 8050
5260 1791
3914 8267
1713 1395
1671 5783
47 2939
6273 2293
3340 4277
60 3462
7584 2370
1097 3349
7451 5871
5329 1680
3440 2598
2560 8237
5896 2634
3697 1099
3314 3751
1883 3319
1119 1490
8582 3130
1941 4873
5402 5954
6919 3889
4316 8474
677 8651
172 8848
4180 5443
2518 2488
4880 2311
645 736
7008 1227
5499 3953
6764 4973
265 6191
4279 6585
548 8219
4282 4690
1037 6059
8328 7757
3633 8756
6539 1565
2135 7212
4542 1538
3542 8728
5156 8125
7803 6944
8417 7903
2604 4503
2019 5945
7962 7985
1355 4281
5622 7647
7665 7440
8025 3403
8855 2248
3797 8843
4434 6981
1998 4071
5906 312
7666 713
8397 8391
1397 8180
7157 3773
4657 4078
2823 5320
8622 6775
2276 6806
2473 8257
5863 7591
6006 6856
7633 4171
3614 4995
4369 2758
1574 6433
2206 8669
4350 907
7158 3353
1068 7084
7807 372
8258 577
5388 4966
1590 6910
3267 131
8657 4411
4217 2068
8817 3118
214 2316
4206 3918
8096 3357
386 1777
3024 7652
2946 705
8644 2202
6670 5836
5556 3410
3354 6149
5313 1278
2942 2882
3903 3572
5378 7331
6254 502
2696 930
2395 3366
4140 3686
6585 7449
266 4191
6290 7816
373 1561
8703 3235
184 7846
5974 3049
8238 2531
3683 7246
5444 739
1511 6467
7250 3222
8156 8674
103 1989
5942 5499
7057 4384
591 3068
5799 6246
5922 3499
5049 8162
7460 5613
6130 6050
768 7800
160 3115
5725 5
4338 4589
2229 1643
8790 1807
4890 1126
6075 8568
6728 3435
3533 1013
74 8493
3409 5268
1764 6135
5305 7061
5041 8139
4848 7547
6938 4859
3283 7398
6513 442
2791 2153
2822 7829
7386 5602
185 6811
4320 6904
5990 4696
5241 6027
2509 4814
811 4207
446 7945
193 8241
5497 7327
5199 6718
5683 7461
5473 5815
7830 4269
7879 8047
519 1506
6842 7508
59 3841
893 1173
6293 5773
969 7210
7423 982
2244 2318
1783 2054
960 1007
8364 863
8137 3184
1402 2783
7616 324
5846 7118
6105 5880
2699 5154
4483 269
6470 8596
7117 1644
3133 7076
4530 1458
6054 6584
7592 1406
8468 595
6615 6629
626 197
2864 1152
1505 236
8658 4974
8539 7522
152 1413
4683 2302
6381 8471
6022 4428
2850 5933
2210 4939
6738 5819
4288 46
6261 6378
6603 2574
7475 4577
6579 272
8054 2737
4753 8483
2488 7187
810 5630
424 3951
561 7956
140 4416
6388 3942
3241 7872
7426 3609
6761 6858
3846 3996
1585 3805
8766 1834
800 8175
4987 3386
4078 156
1896 5170
5971 1129
7348 5221
1894 2927
2182 3263
2009 5570
2241 3817
1922 310
2733 2947
1551 1502
2980 6490
6437 7422
5000 1571
5661 5587
6642 4199
5335 7735
807 6529
7662 3176
4109 4686
6983 6885
5909 1068
2214 2012
7371 4644
3117 5973
8826 1074
3447 3043
8775 375
2202 76
6564 2215
8066 1090
8824 8395
6531 1368
1686 424
3822 2144
3690 414
4755 6835
5843 67
6619 5395
8038 172
1049 135
4194 6190
5372 7208
3344 1205
7801 2000
2302 7905
1982 397
1598 8835
2018 5157
4075 2382
4677 770
1020 2629
7844 3944
5880 1706
8576 7947
7370 1790
7751 4682
4956 2924
2252 2503
4791 5636
3986 350
5951 4087
412 6741
1094 5509
5201 7822
3556 2509
1731 8442
8844 6442
8739 8815
360 7082
5271 2628
8734 3853
6096 905
3497 6404
3821 3085
4831 8504
6874 4474
919 4935
2311 1433
3158 4462
7411 7475
699 5736
728 8242
1083 755
8435 7595
1128 1864
7558 4263
5781 1467
4953 2987
7025 7366
2817 2492
6252 6769
2090 8314
1255 5978
1263 3650
6112 1347
3744 4040
483 7809
2686 696
1388 3232
704 941
228 6978
8011 5691
5625 6280
3316 1151
7734 3402
5382 2066
3502 3150
4562 6078
1306 5798
678 5820
7895 6415
102 3904
3083 4318
7690 8072
713 1024
8858 1974
11 499
5719 5824
4541 2658
3786 3011
5794 3677
4157 5408
177 1599
6541 2489
837 3731
4715 5245
4776 8404
2203 6330
7840 1557
8019 6401
523 3676
4175 3490
2867 1420
7923 7707
588 287
2647 764
138 8202
6244 2520
620 6955
6176 4079
2064 1869
2108 1137
5341 6218
315 200
4653 3550
7624 6679
6776 7101
6840 7167
4351 6911
1858 7721
1071 1660
8398 2864
5360 342
5340 1532
8837 1443
6111 1668
4079 3910
6002 939
4651 174
1823 5199
1345 8795
3736 6825
2246 6384
5204 4116
5952 7258
1627 5586
6906 2014
3350 5580
3434 4493
6760 3709
16 4517
7707 3169
7793 4598
5244 5230
1017 219
4245 8070
5431 7714
66 7428
8175 4133
5236 5226
5262 8178
3971 6276
6803 4366
1972 7405
7681 4143
5189 5374
3811 6663
4809 5247
2720 3301
8900 823
1197 3580
2831 8801
3613 6848
4726 7429
6674 4860
5087 5713
6543 8021
3781 2579
7682 3037
7021 6043
5735 148
4699 1441
1767 4839
7402 3697
1202 4007
8671 748
1093 6322
1319 2483
5450 1198
4999 8427
8202 7845
5137 3145
5445 1143
5228 667
1036 8646
3375 3003
5295 2592
1554 773
4243 8468
1492 2346
5562 6562
8131 4526
7769 1652
6337 4853
5588 5286
5140 7476
7116 8804
4842 7833
1634 6010
6861 5202
2964 1436
6777 6714
4403 1630
8474 4606
8603 2479
6833 6088
5764 8618
613 5801
8626 7505
2967 282
5649 1309
4130 7514
1822 3363
6048 1972
8459 6940
2662 8016
8654 2570
3632 8394
3179 6518
2722 6126
5113 150
3038 4884
7234 5977
6575 5450
8613 5873
5543 7953
8263 6272
6655 714
8567 5188
2218 1608
7858 979
7182 4205
2631 744
901 565
5058 7762
6675 6713
8091 2686
4564 931
8551 4017
3644 4247
5463 671
3417 1524
683 2140
3339 1555
6785 8328
2175 5521
7438 3943
209 4361
642 1317
3042 5753
7404 6062
1472 3913
3419 5366
7435 1558
8301 8706
3536 5816
7143 2803
1147 5976
1447 7918
7992 3338
3374 6689
7091 2289
1191 6650
6957 5118
6963 7767
575 8609
4546 587
1108 854
6497 52
1536 5015
1443 2115
1354 2052
8522 7658
8735 538
7424 7640
3501 3667
7308 8863
8724 7263
2184 5421
3404 5952
4616 7615
5775 56
6899 3348
1829 5323
2501 8866
1762 8295
532 2871
4069 3782
5641 7423
7847 2905
3132 8137
8204 3484
6184 6065
8868 6528
7239 6697
6867 7075
3427 1598
2247 1128
7417 6069
6070 2136
3596 5994
1734 1237
2154 3832
3468 7184
6595 618
5699 6895
1969 5331
2320 4676
99 625
773 8828
637 8303
3304 476
3593 5527
5233 5596
7924 3623
4443 5932
1455 8382
1959 4225
5068 6752
6278 2959
7089 3742
2622 550
7941 2477
4861 5325
654 467
2519 569
4203 7556
295 593
2321 2011
1421 1451
3239 6597
5813 5501
3704 1115
8021 6105
4287 5983
1189 5999
321 8379
1081 6146
7550 2128
8634 3840
8197 7021
5390 1656
5106 8851
8793 8678
1206 3131
3242 3028
3139 1710
3077 6918
6632 8677
6901 5965
170 257
5565 5453
8181 912
1705 4558
6116 4491
275 4066
7200 602
6406 327
3091 1286
4411 7694
8369 7133
5877 7573
3806 7230
5181 5547
2146 2693
287 586
1494 8569
3877 1265
1082 7554
8730 249
3771 1482
1429 4895
7005 2605
7064 2952
8877 4342
6719 1322
3897 2121
4137 8747
6276 4758
2122 3526
1803 8819
616 308
2624 8089
2715 8212
2472 266
7737 4835
6154 302
4701 4570
3488 1209
3523 3750
1446 491
4534 5097
3725 2965
353 2893
8873 5488
852 8690
464 2565
1403 59
4223 4406
2098 106
8395 7011
2901 1282
2996 3898
5103 1287
1135 3384
1912 2897
3446 6891
7954 8155
8088 1848
7311 5803
7622 4539
6346 4488
8648 3477
2920 5465
6071 6188
4986 658
4085 8059
4694 452
7806 795
3689 34
1460 1819
1952 1132
2563 1929
5300 8875
3166 7205
6253 4206
1659 1427
146 5515
7773 1312
707 2494
7913 5599
2307 4026
1230 7795
2738 1587
2523 7835
8330 8065
7075 202
3518 5056
558 6283
4485 337
3277 4059
2508 4716
6860 6484
2443 8563
1377 6538
5457 7642
1493 4507
6168 5252
7634 5321
8320 7578
6316 784
8424 7674
4370 7295
2649 1047
8216 1380
2155 4300
1002 7489
4297 5017
5576 8799
331 6660
2432 6305
7791 4890
7430 6900
7868 2436
3349 8022
8292 77
1316 4498
3463 8821
2152 6413
461 4695
7931 5172
1152 5504
3100 1664
8030 6798
499 585
217 8567
5563 8444
491 7653
2984 7542
2993 2691
4610 2986
