15 15
-15 37 65 25 72 -15 14 28 63 14 -18 26 35 41 4
73 -11 40 14 54 61 72 55 73 19 6 60 70 78 -5
7 27 29 75 19 -20 53 40 38 14 42 -7 51 40 -16
52 -17 0 0 38 39 0 47 -20 12 -2 -8 7 71 32
23 -15 40 -2 52 -5 33 68 47 23 22 -17 42 37 55
69 65 60 39 -2 0 3 74 66 -10 61 51 5 27 15
69 22 -11 36 63 24 51 26 48 35 43 76 56 36 45
64 -8 41 34 20 50 0 33 4 66 57 65 -7 1 -10
74 24 30 7 10 66 -15 66 42 73 64 58 15 39 55
-1 19 63 4 68 50 44 -16 43 56 48 9 44 -14 -6
28 31 16 40 56 22 5 57 10 72 -7 59 33 36 -14
20 41 32 -4 14 16 58 -17 -18 69 51 41 23 41 -14
17 24 -12 -18 36 31 -19 29 63 32 60 68 70 4 26
70 78 46 4 25 49 10 62 71 46 73 20 73 48 28
1 18 69 -1 6 77 13 59 62 -11 18 -16 1 65 18
10 4 16 16 4 19 5 6 3 19 9 13 12 14 18
13 4 2 8 18 19 17 6 18 13 17 9 6 16 20
14 9 2 7 17 3 12 2 5 6 2 17 13 14 17
18 13 17 17 19 18 7 17 19 20 15 1 15 13 1
19 2 19 5 2 19 18 16 8 17 11 19 10 2 11
12 7 5 4 3 11 6 8 9 12 7 8 7 20 8
7 11 10 12 11 10 17 5 11 4 6 12 4 1 5
10 20 6 1 6 1 3 13 17 8 10 1 7 20 6
16 2 5 8 11 14 18 3 13 17 18 5 17 20 19
8 8 12 6 3 6 15 5 7 8 12 14 10 12 20
15 13 19 10 13 16 20 3 8 19 11 15 1 6 5
5 16 11 18 6 20 15 2 17 3 18 1 3 5 9
3 15 8 18 8 5 9 18 4 8 7 7 8 14 12
3 20 5 8 14 15 7 15 7 11 15 3 14 3 13
11 6 13 14 1 12 18 12 17 15 8 13 19 2 1
2 19 6 2 4 2 8 2 13 8 2 19 20 3 1
22 23 25 12 8 24 8 25 7 7 22 16 3 25 7 21
17 24 25 17 29 14 28 26 26 2 30 3 7 4 15 30
19 14 30 22 10 11 19 26 24 9 7 15 25 25 1 1
27 10 6 8 5 6 16 10 3 20 1 29 28 14 10 6
22 26 21 6 26 8 6 4 2 5 22 3 23 25 7 29
7 10 6 9 2 20 19 19 21 18 5 21 23 16 16 9
4 17 11 3 25 8 22 12 9 8 30 19 11 24 30 9
5 19 19 9 5 3 6 9 26 3 22 27 13 3 23 13
10 13 20 4 3 1 27 17 5 20 6 19 15 28 12 13
14 27 25 20 20 9 18 17 24 8 9 1 8 12 15 20
20 27 8 24 19 22 25 30 8 12 5 22 30 26 29 26
17 23 4 15 5 6 30 28 26 1 28 24 19 17 13 22
25 6 11 24 15 25 16 30 8 2 20 2 9 20 9 26
22 22 26 19 19 26 9 16 10 17 6 1 14 9 23 30
3 27 17 11 7 16 27 17 26 22 7 7 30 6 21 22
