80 400 88
56 16 0
12 5 0
76 9 1
77 66 0
35 85 0
45 31 1
41 1 1
43 78 0
16 36 0
41 32 1
14 14 1
13 68 0
41 28 1
10 18 0
48 78 1
52 27 1
35 18 0
68 9 1
58 67 0
68 62 1
33 39 0
75 41 1
34 82 1
38 28 1
47 21 1
29 27 0
27 55 1
23 1 0
77 18 1
51 24 0
5 50 0
6 56 1
12 45 1
31 31 0
39 41 0
32 52 0
75 57 1
47 76 1
42 69 0
17 36 0
29 76 0
41 20 1
53 82 1
75 29 0
17 39 0
42 15 0
17 79 0
65 5 0
55 77 1
3 75 0
60 79 1
9 57 0
29 86 0
71 60 1
4 84 1
55 43 0
31 84 1
66 20 0
50 50 0
57 66 0
58 58 1
36 85 1
7 72 0
70 31 0
66 45 1
59 61 0
45 27 0
69 80 1
35 29 1
65 9 1
43 48 0
16 64 1
40 66 1
43 87 0
60 59 0
36 19 0
60 53 1
65 7 1
19 69 0
8 45 0
24 25 0
26 56 1
78 44 1
22 14 0
33 32 0
30 78 0
54 86 1
22 47 1
58 41 1
54 66 0
44 5 1
39 56 0
6 33 1
3 76 0
73 14 0
44 29 0
43 19 1
6 19 0
79 8 1
60 80 0
44 31 1
6 82 0
31 42 1
70 71 0
6 45 1
32 77 0
25 10 1
51 56 0
7 76 1
39 5 1
10 40 1
6 5 0
18 72 1
43 62 0
57 9 1
77 28 1
44 35 1
57 81 1
6 4 0
64 79 1
24 27 1
70 34 0
57 21 1
10 10 0
49 64 0
7 19 1
51 51 1
40 17 0
37 30 1
51 67 0
45 13 0
27 22 0
78 48 1
20 43 0
16 64 0
50 25 1
37 58 1
59 23 0
21 71 0
73 76 1
78 86 1
66 84 1
80 1 0
8 83 1
67 13 0
8 28 1
11 44 0
35 36 1
71 65 1
41 30 0
74 41 1
51 64 0
55 37 1
24 10 0
60 24 1
65 31 0
12 2 0
69 86 0
33 12 1
39 38 1
2 84 0
47 54 1
39 32 1
21 65 1
9 85 1
69 47 0
2 73 1
41 41 1
68 74 1
27 30 1
21 51 1
38 18 0
5 22 0
40 45 1
60 75 0
68 77 0
60 46 1
32 63 0
26 87 0
72 55 1
67 38 1
45 45 1
78 23 0
22 26 0
44 39 0
17 60 1
74 47 0
79 64 0
60 41 0
21 81 0
12 66 0
21 70 1
56 7 1
28 80 0
10 30 1
56 57 1
33 79 0
57 20 1
49 39 1
65 43 1
66 42 1
40 32 1
27 54 1
3 63 0
40 44 0
32 11 0
47 41 0
46 77 1
24 49 1
42 59 1
32 36 1
11 56 1
71 74 1
76 59 1
5 43 1
35 22 1
70 74 1
34 21 0
38 67 0
24 34 0
47 38 0
48 22 0
61 52 1
33 85 1
58 28 0
25 42 1
34 26 1
60 16 1
3 87 1
11 31 1
63 34 1
49 84 1
41 67 0
13 69 0
39 72 1
77 10 1
45 42 0
77 15 0
75 59 1
25 10 0
29 84 1
42 75 0
10 6 1
54 49 0
13 47 1
39 85 0
65 44 0
31 41 1
66 17 1
11 7 1
34 62 0
24 14 0
42 7 1
79 74 0
64 45 1
60 38 1
49 64 1
48 74 0
69 4 1
16 43 0
51 40 1
5 4 0
74 46 1
5 35 1
75 7 0
38 24 0
36 14 0
58 60 1
17 52 1
52 81 1
33 76 1
60 18 0
50 18 0
18 26 1
64 75 0
73 27 0
76 14 1
18 34 1
28 82 1
23 51 1
28 2 0
78 27 1
2 5 1
61 33 0
10 54 0
66 83 0
11 60 0
18 85 0
72 18 1
60 78 1
38 10 0
20 12 0
31 13 1
23 54 1
60 45 0
5 67 0
3 14 0
50 59 0
59 61 1
14 57 0
69 12 1
10 48 0
56 36 1
62 54 0
73 21 1
38 9 0
11 20 0
15 4 1
76 14 0
40 1 1
67 66 1
55 79 1
27 48 1
77 4 1
55 16 0
33 80 1
58 68 1
53 80 0
54 42 0
74 17 0
26 38 0
77 5 0
17 48 1
17 75 1
9 9 1
55 25 0
55 33 0
39 45 0
38 73 0
46 14 0
76 20 0
45 17 1
11 76 1
80 84 0
76 49 1
74 19 0
12 19 1
3 56 1
77 12 1
17 19 1
13 27 1
35 71 1
72 12 1
16 68 1
53 39 1
63 20 0
39 36 1
31 86 1
47 79 1
4 54 1
65 74 0
19 24 0
35 52 1
55 75 0
30 4 1
17 51 1
37 77 1
26 86 0
62 7 1
10 22 0
42 47 1
11 59 1
25 56 0
37 70 1
56 39 0
49 69 0
20 22 1
17 1 0
4 69 0
51 8 0
26 14 1
37 29 1
36 31 0
38 9 1
38 15 0
52 28 0
74 33 0
74 19 1
38 75 1
65 25 1
20 82 0
49 49 1
32 18 1
43 22 1
37 2 0
49 81 0
40 28 1
26 53 0
59 36 0
79 67 0
78 5 0
2 41 1
23 80 1
71 62 0
73 64 1
29 4 0
76 74 0
68 63 1
50 51 1
20 41 0
