80 800 88
57 62 1
9 8 0
68 2 1
66 68 0
22 60 0
47 17 0
34 24 1
58 36 0
74 27 1
27 39 1
45 13 1
30 55 0
63 27 0
67 46 0
28 77 0
59 52 0
61 73 0
70 52 1
53 66 1
35 8 0
11 54 1
21 11 1
17 78 1
67 45 0
19 77 0
46 82 0
53 59 0
58 17 1
29 52 0
62 60 0
19 80 0
45 2 0
39 42 1
28 11 0
69 59 1
51 59 0
65 46 0
72 11 0
65 87 1
9 39 1
62 50 0
53 76 1
17 68 0
53 43 1
33 85 1
17 3 1
7 65 0
70 77 0
29 41 1
77 50 1
56 76 0
38 56 0
70 39 1
11 85 0
77 57 1
74 26 1
15 49 1
77 3 1
67 17 0
31 39 0
72 80 0
46 24 0
63 39 0
49 77 1
33 53 1
53 51 0
45 26 1
3 63 1
7 37 0
62 40 0
40 75 1
79 9 0
60 1 0
64 72 0
32 50 0
37 81 0
24 19 0
40 68 0
69 42 0
2 74 0
56 56 0
13 69 0
58 46 0
44 85 1
59 46 1
43 45 0
42 30 1
74 60 0
40 87 0
21 13 1
20 9 1
49 41 0
27 9 1
27 50 1
37 18 0
23 36 0
77 75 0
8 6 0
54 12 1
8 1 0
62 84 0
28 10 1
9 3 0
79 14 1
42 4 0
32 75 1
66 64 1
62 47 1
8 45 1
30 72 1
65 49 0
33 25 0
65 31 1
19 45 0
16 70 1
63 71 0
8 29 1
69 57 0
5 49 1
54 48 0
13 87 1
3 83 0
42 66 1
26 11 1
25 83 1
19 65 0
9 62 1
49 66 1
22 19 1
72 25 0
36 76 1
14 45 0
53 28 0
37 1 1
9 34 0
12 26 1
71 65 1
7 18 1
56 44 0
16 39 1
36 17 1
57 56 0
51 42 1
45 84 0
57 4 0
67 50 1
69 74 0
5 5 1
52 11 0
2 45 1
38 29 1
39 83 0
57 21 1
27 65 1
78 87 0
11 73 0
62 33 0
9 5 0
2 86 0
32 56 1
67 67 0
76 8 0
52 22 1
13 57 1
16 38 0
28 55 1
8 35 1
63 79 0
49 42 0
35 70 0
61 43 1
40 14 0
72 86 1
54 14 0
65 56 0
78 18 1
73 8 1
1 10 1
46 45 0
8 57 0
18 35 0
79 20 0
59 3 0
72 34 0
15 18 0
67 38 1
21 32 1
43 56 1
73 76 0
71 37 0
71 77 1
60 80 1
23 63 0
58 70 0
72 79 1
64 85 0
38 42 1
78 14 1
3 8 0
31 49 1
70 69 0
20 53 1
7 34 0
17 49 1
72 8 1
31 81 1
78 12 1
23 4 0
64 5 1
8 26 1
78 86 0
56 71 1
68 41 0
21 50 1
60 6 1
4 2 0
55 50 0
72 42 0
8 84 0
9 52 1
2 52 1
47 47 1
75 53 0
60 15 0
67 35 1
66 24 0
64 84 0
10 65 1
56 82 0
34 12 1
3 46 1
80 74 0
9 76 0
31 69 1
36 48 0
4 11 0
47 24 0
19 3 0
7 26 1
44 68 0
24 83 0
72 38 0
68 64 1
35 84 1
47 23 0
59 40 0
53 42 0
3 14 1
5 57 0
15 21 0
32 48 1
54 16 0
58 16 1
39 7 1
15 7 0
47 19 0
39 84 0
39 22 1
43 6 0
58 19 0
56 3 0
50 72 1
44 39 0
40 49 0
56 46 0
27 48 0
66 70 1
80 8 0
75 16 1
67 23 1
2 34 0
14 37 0
48 80 1
23 49 0
35 57 0
5 16 0
6 8 1
52 79 1
34 16 0
20 71 0
41 22 0
9 5 1
48 33 0
41 67 0
48 71 1
59 35 0
53 62 1
37 42 0
19 70 1
79 13 1
49 4 0
65 10 1
69 19 0
5 84 1
46 38 0
69 30 0
33 70 1
20 6 1
1 4 1
67 87 1
9 80 0
43 54 0
64 51 1
11 44 1
74 86 1
72 18 0
15 35 1
70 66 0
43 22 0
30 84 0
35 69 0
42 4 1
35 46 1
33 51 1
71 50 0
22 67 1
52 47 0
43 12 0
10 43 1
10 25 0
30 40 1
60 53 0
57 5 0
25 25 0
36 47 0
12 57 1
14 6 0
50 19 1
65 55 0
77 57 0
57 28 1
14 75 0
30 85 0
50 21 0
45 25 0
67 82 0
36 32 1
50 32 1
40 72 1
68 76 0
23 29 0
5 40 0
23 37 1
12 65 0
80 27 0
17 54 0
4 60 0
78 30 1
62 83 0
62 24 0
16 63 1
59 38 0
10 67 0
11 36 1
30 46 1
43 62 0
41 35 1
58 4 0
37 61 0
29 45 1
77 14 1
79 62 0
6 66 0
70 25 0
49 83 1
77 85 0
16 37 1
52 25 1
23 59 1
40 85 0
24 17 1
5 25 0
66 42 1
36 11 1
57 87 0
34 60 0
34 21 1
59 51 0
28 11 1
26 23 0
21 40 1
48 19 0
75 58 0
11 36 0
9 23 0
39 86 1
4 71 0
66 25 1
16 71 0
79 2 0
33 1 1
28 53 1
15 75 0
39 17 0
25 86 0
5 75 0
9 48 0
4 75 0
40 53 1
26 79 0
74 31 0
26 78 1
33 78 1
79 65 0
54 25 1
78 1 1
23 17 1
23 25 1
36 49 1
41 73 0
21 44 0
33 63 1
15 57 0
36 42 0
52 66 1
9 41 0
12 68 1
45 69 1
59 71 1
56 32 0
56 20 0
68 82 1
22 35 1
21 51 1
68 66 0
17 59 0
18 8 0
49 49 1
57 73 0
48 53 0
52 50 1
66 34 1
3 21 1
77 21 0
59 18 0
38 4 0
50 13 1
27 87 1
28 27 1
24 49 1
47 65 0
21 36 1
46 86 1
42 81 1
57 79 1
32 59 0
75 49 1
21 50 0
28 51 1
75 35 0
80 73 0
31 74 1
62 20 0
71 51 1
10 61 1
9 75 0
55 40 0
67 43 0
33 68 1
71 29 0
61 68 0
55 59 0
22 76 0
51 69 1
32 29 1
43 19 1
32 81 1
60 66 1
39 70 0
14 78 0
30 66 0
18 21 0
6 81 0
74 67 0
69 80 0
20 64 0
32 32 1
25 39 1
72 22 0
31 18 1
3 44 1
73 59 0
65 31 0
10 24 0
69 74 1
40 39 0
22 54 1
73 39 1
77 1 1
65 78 0
35 30 1
16 81 0
1 3 1
77 73 1
65 74 1
25 21 1
57 8 1
60 72 1
26 16 0
32 39 1
5 54 0
67 16 1
71 34 0
25 48 0
23 52 0
27 49 0
57 10 0
39 71 0
56 28 1
29 81 1
53 24 1
28 86 0
14 39 1
26 63 0
76 4 1
56 62 0
41 53 1
33 29 1
52 41 0
41 9 0
20 39 1
36 83 0
41 58 1
68 5 0
36 22 1
57 84 0
44 43 1
32 76 0
20 34 1
53 37 0
10 48 1
30 27 0
49 34 0
56 12 1
54 81 1
64 66 0
9 26 1
49 42 1
67 51 1
21 44 1
57 42 1
76 80 1
44 35 1
13 74 1
77 22 0
17 28 0
47 2 0
4 58 1
4 13 0
23 43 0
38 5 0
2 43 0
73 53 1
50 4 0
74 55 0
19 25 0
4 61 0
5 80 0
33 75 1
59 9 0
71 14 1
40 58 0
4 56 1
77 2 0
25 42 1
41 12 0
4 45 1
41 46 1
8 70 1
9 4 0
9 48 1
16 22 0
56 21 0
49 70 1
64 29 1
31 36 0
17 38 1
9 43 1
31 65 1
30 22 1
28 37 0
51 22 0
70 28 1
22 31 0
38 6 1
35 10 1
13 77 1
58 5 1
46 47 1
80 29 0
69 43 1
30 30 1
11 41 0
31 32 1
29 29 0
68 12 1
5 17 0
66 81 0
19 55 0
63 81 0
32 61 1
52 80 1
51 49 0
14 73 0
7 30 0
19 40 1
55 9 1
38 75 0
6 79 1
49 84 1
77 43 1
51 26 1
39 2 0
35 33 1
79 28 1
24 42 1
9 19 1
54 48 1
57 37 1
48 7 1
50 38 0
37 59 1
56 3 1
68 39 0
49 71 1
17 82 1
11 19 1
32 7 0
71 57 0
3 4 0
23 71 1
60 58 1
13 70 1
77 79 0
46 58 0
14 84 0
40 38 1
44 85 0
56 85 0
13 13 1
27 18 1
13 76 0
22 59 1
49 43 1
37 64 0
73 4 1
72 29 1
64 30 0
4 82 1
60 35 0
31 57 0
42 44 0
72 31 1
20 44 0
53 8 0
71 81 0
62 10 1
6 80 0
79 49 0
35 7 0
46 4 1
71 66 1
45 17 1
56 68 0
6 31 0
4 87 1
8 27 1
49 48 0
74 43 1
48 15 1
39 12 0
13 30 1
17 2 0
69 5 1
46 53 0
36 21 1
38 3 1
50 60 0
9 23 1
38 35 1
63 80 1
21 1 0
2 46 0
70 64 1
62 13 0
30 80 1
74 32 1
3 13 0
74 70 1
71 41 0
39 21 1
12 40 1
38 8 0
79 34 0
40 19 1
14 16 0
60 74 0
38 37 1
6 27 1
65 39 1
60 41 1
45 8 0
34 32 1
65 16 0
19 59 0
2 29 0
24 38 0
30 19 0
25 78 0
15 50 1
75 73 0
16 39 0
66 27 0
60 50 1
7 76 1
26 37 1
73 50 0
20 37 1
64 27 0
31 83 1
44 23 1
32 75 0
22 56 0
65 1 1
65 15 1
35 3 0
25 65 1
7 86 0
61 82 1
8 31 1
55 83 1
67 31 1
20 66 1
13 18 0
66 25 0
15 59 1
71 61 1
70 45 0
17 75 1
39 80 0
47 1 1
31 26 0
47 72 0
64 53 0
48 86 0
41 15 1
42 52 0
8 61 1
16 50 1
61 12 1
60 48 1
63 83 0
51 28 1
35 63 1
7 24 0
47 54 1
48 65 1
3 49 0
23 72 0
62 59 1
2 2 1
71 77 0
51 20 0
33 43 0
41 13 1
48 32 1
44 38 0
49 67 1
12 42 0
72 5 1
33 2 1
3 18 1
10 70 0
59 54 1
55 78 0
68 48 1
60 44 1
55 73 1
53 74 0
33 6 0
66 62 0
51 65 0
49 5 0
41 5 0
50 29 0
28 85 1
30 83 1
9 83 1
39 61 0
67 72 1
64 58 0
37 2 1
54 34 1
33 13 0
58 29 0
12 83 1
36 34 1
49 48 1
61 75 1
20 43 0
