1000 5000 1000
610 986 1
808 446 0
479 405 0
570 787 1
992 444 0
628 546 0
963 326 0
401 362 0
558 399 0
963 462 0
373 317 1
334 699 1
546 870 1
723 330 0
681 343 1
794 19 1
199 277 1
458 167 1
326 835 1
149 411 1
178 770 1
119 161 1
522 978 1
25 378 0
343 403 0
312 101 0
832 916 0
283 237 0
639 308 1
668 851 1
454 534 0
406 701 1
881 834 0
835 152 0
689 467 0
697 149 1
789 858 0
582 393 0
67 150 0
470 940 1
329 490 1
268 448 1
561 967 1
283 409 1
324 128 1
25 644 0
576 637 0
623 910 0
783 817 0
574 937 0
206 421 0
463 828 1
945 150 1
738 701 0
18 21 0
838 725 0
492 467 0
7 523 0
880 702 0
14 319 0
362 273 0
311 560 1
740 61 1
466 763 1
28 374 1
627 697 1
641 902 0
323 50 1
380 34 0
497 377 1
618 817 1
448 953 0
39 489 0
895 609 1
19 434 0
854 927 1
953 360 0
416 447 0
764 496 1
258 664 1
566 945 1
711 864 1
626 174 1
125 297 1
967 103 0
705 662 0
985 35 0
565 587 1
449 764 0
647 107 0
405 92 1
866 520 1
374 31 0
368 962 0
269 135 0
629 978 1
764 12 0
637 365 0
990 532 1
963 261 1
200 26 1
513 164 0
801 788 0
214 132 1
909 263 0
604 24 1
94 758 0
184 148 0
251 612 1
156 697 0
904 157 0
64 139 1
327 208 0
781 555 0
597 223 0
844 448 1
943 368 1
447 916 1
222 721 0
832 885 1
415 45 0
226 828 1
155 677 1
174 427 0
604 810 1
49 497 1
417 53 0
962 336 0
814 312 1
694 816 0
420 414 0
461 693 1
480 498 1
694 742 1
84 247 1
864 147 0
25 860 1
351 573 0
37 73 1
619 225 1
54 438 1
903 178 1
608 756 0
875 487 0
321 522 0
905 621 1
285 155 0
37 877 0
231 418 0
948 909 1
629 490 0
784 694 0
175 526 0
179 723 1
504 786 1
874 642 1
887 295 1
513 61 1
167 506 0
316 194 0
476 587 1
794 926 0
826 589 0
263 175 0
130 480 1
775 169 1
900 734 0
479 297 1
8 843 0
468 54 1
364 30 0
740 789 0
2 357 1
411 20 1
807 456 0
848 967 0
28 304 1
63 863 0
495 864 1
99 592 0
150 204 0
624 984 1
914 490 0
177 510 0
637 155 0
592 225 1
566 512 1
832 52 1
614 652 0
138 425 1
363 699 0
500 37 1
684 528 1
519 103 1
910 984 1
534 491 1
942 219 0
93 422 1
724 983 0
584 473 0
713 564 0
520 262 1
489 159 1
834 782 1
248 791 1
343 676 0
518 120 1
952 405 0
843 573 1
286 547 1
224 300 1
893 361 1
74 899 1
196 234 0
314 265 1
744 314 1
133 680 1
322 51 0
637 704 0
68 740 1
5 937 1
239 670 0
388 191 1
628 382 0
643 507 1
322 168 1
245 766 1
667 52 1
914 604 1
619 529 1
540 91 0
297 280 0
182 674 0
597 174 1
685 754 1
651 421 0
145 849 0
315 882 0
394 341 0
742 138 0
368 888 0
158 991 1
36 933 1
651 256 0
922 550 1
122 637 0
352 779 1
53 671 0
165 970 0
788 303 0
321 204 0
541 565 0
442 374 0
17 83 0
813 745 1
507 749 0
235 541 0
558 742 1
58 177 0
181 849 1
741 597 1
841 887 1
608 586 1
886 554 0
338 968 1
335 822 1
428 428 1
716 805 1
676 245 1
148 41 1
68 972 1
459 727 0
94 806 0
204 743 0
851 587 1
375 198 1
266 904 1
413 270 1
923 768 0
991 152 0
927 459 1
622 945 0
432 701 1
543 167 1
58 796 0
499 705 0
803 260 0
249 303 1
641 606 1
111 566 1
486 34 1
233 313 1
179 550 0
229 343 0
3 201 0
66 13 1
254 1 0
877 572 0
291 968 0
22 241 1
447 814 1
540 552 1
657 611 1
769 801 0
533 522 1
754 407 1
820 452 1
696 350 0
436 143 1
993 878 1
792 352 0
405 641 1
747 628 1
342 648 0
411 255 1
878 582 1
666 805 0
616 628 1
949 263 0
367 630 1
608 866 0
558 359 0
101 409 0
585 32 0
36 817 1
614 134 0
766 395 0
867 980 0
615 800 1
699 521 0
81 794 0
924 976 0
153 441 0
539 186 0
735 46 1
962 329 0
361 926 0
976 560 0
223 970 1
766 367 0
620 925 0
242 19 0
318 701 0
903 93 1
214 871 1
691 911 0
198 553 0
378 71 1
540 537 1
274 995 0
855 245 1
216 748 1
27 159 1
456 29 0
49 871 0
62 642 0
170 293 0
431 725 1
99 93 0
645 612 0
347 932 1
762 754 0
58 532 1
479 235 1
702 114 1
288 561 0
597 310 1
241 448 1
582 86 1
426 432 1
995 879 0
306 997 0
104 174 0
205 817 0
22 570 0
101 614 0
399 893 1
101 32 1
60 51 0
58 261 0
526 758 0
638 200 0
964 711 0
7 535 0
632 869 0
227 17 0
39 881 0
269 922 1
418 640 0
426 649 1
210 122 0
281 743 0
929 289 1
242 557 1
900 621 0
706 705 1
343 880 1
671 83 1
305 663 1
226 77 0
169 326 1
405 487 0
42 856 0
48 554 1
182 345 1
289 810 1
770 825 0
843 534 0
766 456 1
957 488 1
380 423 0
572 207 0
57 662 1
106 83 1
424 674 0
236 169 0
750 925 1
449 970 1
784 605 1
701 69 0
947 577 0
680 551 0
321 326 1
984 966 1
363 841 1
234 763 0
132 760 0
649 629 1
778 899 0
83 790 1
828 930 1
804 816 1
310 270 1
722 627 1
658 117 0
155 620 0
525 277 1
608 601 1
664 584 0
171 370 0
96 443 0
600 418 0
970 827 0
54 67 0
169 924 0
226 64 1
307 40 0
199 398 0
167 527 0
59 292 1
62 931 0
340 775 1
351 333 1
397 929 0
796 753 1
388 324 1
521 327 0
566 782 0
777 853 1
380 789 0
306 250 1
684 63 0
620 210 1
886 160 1
453 674 1
209 598 0
279 200 0
934 796 0
52 377 0
464 837 0
346 43 0
162 14 0
453 601 1
353 705 1
38 880 1
878 32 1
480 86 1
223 379 1
952 454 0
727 788 0
571 236 1
263 219 0
584 6 0
890 158 0
595 66 0
449 298 0
27 323 0
356 323 0
785 507 0
335 838 1
822 220 0
961 967 1
504 328 0
931 381 1
827 998 0
335 143 0
105 850 0
375 948 1
406 212 1
319 219 1
473 227 1
645 212 1
108 449 1
784 328 0
975 872 0
277 999 1
329 89 0
611 744 0
35 762 1
859 645 0
149 245 0
140 524 1
374 928 0
336 220 1
367 220 0
33 20 0
81 442 1
254 634 0
988 276 1
305 536 0
767 944 0
920 56 0
947 399 0
358 659 0
185 51 1
627 243 0
388 75 0
427 556 0
982 979 1
636 897 0
79 618 1
420 893 1
361 729 1
377 162 0
545 989 1
259 994 1
783 267 0
322 634 1
112 469 0
508 965 1
826 316 0
907 64 0
647 38 1
427 141 0
255 732 1
185 23 0
284 935 0
439 156 1
827 135 1
727 154 1
786 488 0
350 914 0
264 445 0
599 789 0
995 871 0
753 283 1
195 659 0
75 122 1
857 580 0
124 698 1
189 535 0
677 323 1
201 481 1
483 573 1
197 537 1
717 633 1
88 986 1
199 698 0
5 287 0
288 459 0
281 432 1
8 656 1
211 419 0
89 815 1
210 222 1
922 389 1
775 765 0
442 584 1
225 919 1
402 498 1
36 781 1
406 197 1
94 254 1
986 768 1
869 830 1
717 88 1
54 922 1
971 567 0
481 932 0
453 969 1
65 463 0
18 443 1
539 860 1
902 184 1
843 955 0
659 889 0
504 986 1
442 746 1
952 171 0
130 880 0
364 680 1
498 230 0
209 17 1
991 386 0
946 943 1
385 75 1
86 106 1
318 159 1
23 326 0
238 470 1
364 825 0
631 815 1
709 746 1
636 264 0
874 824 0
483 764 1
746 194 1
575 805 0
899 529 1
642 579 1
261 515 0
100 126 1
339 625 1
547 740 1
206 944 0
471 199 1
112 219 0
901 492 1
110 782 1
144 452 0
830 489 0
752 405 1
231 1 0
758 260 0
111 626 0
406 533 0
370 323 1
358 623 1
952 893 0
146 752 0
729 396 0
347 775 0
88 561 0
780 697 0
845 887 1
146 36 0
90 400 1
292 275 1
925 982 0
186 457 1
470 443 0
949 56 1
87 438 0
876 511 0
914 305 1
208 231 1
11 188 1
345 939 1
257 562 0
275 917 0
83 416 1
609 10 1
815 668 0
301 695 0
621 438 0
5 642 0
291 556 0
427 614 1
844 143 1
314 828 0
100 602 0
874 742 0
292 555 1
376 180 1
128 591 1
838 402 0
245 463 1
47 60 0
231 395 0
756 468 1
649 965 1
175 532 1
641 725 0
513 570 0
20 119 0
317 58 0
137 184 1
464 800 0
825 660 0
677 302 1
408 108 0
220 446 0
909 892 0
642 197 1
874 258 1
1000 976 0
161 862 1
997 280 0
407 904 0
624 600 1
62 887 0
470 532 1
593 501 0
951 214 1
445 481 1
942 486 1
497 267 0
449 957 0
719 170 0
113 871 0
218 866 0
104 631 0
395 27 0
11 102 0
873 855 1
395 120 0
296 90 0
973 944 1
465 181 0
739 169 0
13 923 0
772 652 1
476 607 0
709 719 0
475 448 0
241 175 1
194 48 0
431 786 0
981 892 1
488 809 0
980 76 1
453 511 0
253 329 1
918 177 1
463 260 1
638 369 0
964 904 1
39 857 0
917 776 1
578 834 1
433 195 1
616 164 1
511 246 0
213 119 1
598 452 0
672 786 1
912 125 0
516 628 1
373 564 1
313 438 1
737 499 1
2 181 0
975 368 1
226 543 1
383 855 0
270 143 1
831 698 0
395 293 1
467 287 1
505 47 0
733 290 1
344 601 1
313 649 1
261 681 1
28 221 0
419 239 1
203 169 0
162 481 1
310 404 0
180 797 1
196 392 1
537 684 1
26 436 1
206 756 1
460 871 0
812 221 0
762 689 1
280 581 0
227 747 0
79 139 0
719 398 0
563 632 1
229 168 1
724 620 0
462 420 1
513 611 0
148 376 0
609 751 1
486 146 0
787 194 0
997 100 0
666 868 0
731 495 1
143 892 1
608 589 1
869 608 0
357 519 1
724 570 1
654 326 0
282 383 0
289 135 1
604 121 0
600 166 1
763 162 0
462 882 1
585 973 0
59 44 1
535 941 0
958 501 1
141 424 1
703 447 1
278 146 0
872 572 1
352 165 0
507 795 0
932 863 0
805 43 0
466 535 1
482 604 0
686 765 1
113 318 1
546 118 0
957 827 1
704 745 1
284 332 1
730 717 1
749 226 0
380 997 0
205 993 1
247 982 1
740 460 0
473 336 1
749 900 0
325 685 0
697 985 0
720 651 0
421 122 0
372 915 0
633 286 0
785 223 0
776 456 1
656 357 1
318 190 0
344 262 1
671 263 0
992 82 0
427 728 1
181 112 1
223 755 0
24 245 0
367 57 1
303 907 1
407 493 1
498 918 1
993 646 0
342 862 0
176 618 0
17 897 1
686 363 1
417 32 0
852 927 1
890 323 1
100 706 1
497 336 0
228 786 1
874 928 1
350 778 0
693 250 1
450 897 0
542 411 1
58 491 1
742 721 1
394 68 1
785 670 1
920 336 0
118 3 1
85 194 0
181 418 1
880 997 1
893 3 1
505 809 0
963 425 0
861 106 0
80 225 1
97 728 0
391 739 0
488 173 0
864 956 0
746 559 1
517 494 0
747 161 1
259 143 0
802 710 0
431 120 0
512 857 1
558 826 0
917 582 1
440 712 0
359 7 0
236 251 0
312 866 0
729 600 0
855 185 1
860 925 0
522 677 0
232 421 1
948 819 1
209 887 0
758 997 1
498 780 1
711 262 1
863 572 0
859 242 1
215 126 0
69 801 0
25 712 1
549 665 0
439 415 0
139 484 0
943 110 0
932 22 1
433 320 0
19 261 0
173 107 1
223 796 0
743 800 0
702 813 0
128 963 0
971 530 1
925 318 0
144 438 1
520 34 1
296 602 1
756 758 0
302 726 0
846 830 0
296 420 0
404 333 0
906 895 1
142 947 1
164 46 1
799 313 0
996 611 1
237 505 0
229 409 1
911 843 0
602 43 0
893 338 1
904 267 0
885 435 0
302 94 0
548 367 0
440 263 0
602 9 1
421 193 0
940 722 1
157 603 1
584 922 0
768 102 1
808 247 1
827 436 0
124 856 0
472 904 1
393 386 0
509 935 0
964 21 0
805 950 1
536 898 0
211 398 1
234 531 1
950 884 0
558 888 0
596 559 1
150 241 1
871 339 0
660 142 0
5 804 0
535 567 0
134 487 0
944 970 1
756 54 1
208 558 0
652 11 1
809 104 1
377 235 1
204 438 1
359 693 0
177 598 1
702 782 0
802 520 0
133 500 0
859 697 0
990 331 0
945 508 0
217 171 0
963 129 0
388 629 0
723 826 1
884 199 0
956 231 1
60 652 0
592 654 0
259 610 1
847 62 0
999 186 1
63 965 1
477 977 0
845 301 1
146 631 1
983 347 1
652 465 0
464 861 0
957 412 1
128 215 0
313 953 0
430 972 0
684 73 1
33 644 1
35 903 0
586 86 0
995 940 0
239 836 1
704 458 0
773 869 0
885 203 0
552 627 0
989 188 1
566 840 0
547 279 1
757 434 0
242 855 1
440 720 1
861 805 0
150 9 0
216 641 1
175 844 0
751 675 1
696 604 0
914 810 0
176 624 1
936 645 0
779 632 0
719 877 0
932 486 1
521 968 0
321 481 0
566 535 0
624 961 0
616 980 0
186 559 1
626 546 1
169 339 1
308 752 1
429 183 0
906 825 1
878 769 0
101 349 0
509 366 0
680 855 0
902 343 0
492 76 0
888 468 0
835 875 0
101 869 1
416 363 1
697 656 0
417 518 1
235 934 0
811 788 0
44 512 1
343 875 1
729 137 0
680 814 0
845 892 0
706 697 1
835 260 0
788 913 0
185 537 1
926 568 1
345 420 0
380 248 1
215 955 0
794 322 1
903 949 0
983 545 0
34 295 1
274 75 0
911 102 1
682 498 1
458 362 1
344 233 0
828 471 1
427 674 0
66 865 0
267 330 1
86 867 0
136 616 1
757 439 0
776 848 1
876 398 0
774 525 0
36 446 0
987 482 1
271 506 0
991 631 1
30 203 0
749 476 1
871 790 0
439 442 0
592 464 1
289 424 0
147 44 0
723 198 0
759 790 0
181 722 0
693 782 1
143 31 1
923 526 1
647 442 0
907 575 0
489 47 0
598 819 0
821 205 0
47 875 1
545 228 0
227 459 0
728 170 1
711 855 1
901 279 0
888 221 0
621 992 0
509 121 1
522 363 1
467 209 1
748 830 0
290 89 1
369 821 1
204 802 0
614 503 0
996 920 1
872 27 0
260 723 1
335 133 1
212 664 0
288 413 0
872 295 1
923 396 1
853 847 1
982 303 0
345 159 1
859 309 0
618 528 0
322 446 0
8 666 0
5 750 1
418 42 1
79 181 0
592 824 0
371 44 1
968 493 0
822 509 1
834 883 1
785 406 0
385 640 1
12 372 1
592 502 1
205 236 0
859 624 0
240 611 0
214 127 0
136 200 0
267 688 0
795 687 0
264 446 1
785 623 0
800 41 1
142 785 1
21 37 0
534 383 0
946 494 0
496 829 1
231 749 1
402 730 1
600 300 0
563 150 0
662 197 1
777 909 0
92 763 0
68 699 0
31 267 0
142 328 0
478 594 1
588 384 0
733 157 0
823 469 1
148 868 0
30 304 1
858 251 0
253 426 0
929 295 0
21 604 0
885 725 1
532 569 0
342 325 0
210 945 0
142 578 1
552 833 0
35 222 1
263 559 0
415 550 0
384 561 0
438 62 1
119 922 1
329 984 0
573 102 1
930 44 0
288 610 0
864 370 1
189 407 0
365 895 1
15 292 0
339 93 1
275 424 0
818 256 1
401 358 0
322 685 1
503 389 0
254 770 0
824 504 0
945 609 0
337 944 1
679 350 1
629 80 0
770 549 1
490 970 1
747 509 0
231 179 0
745 554 0
221 851 1
868 709 1
277 963 0
156 703 0
404 491 0
877 32 1
911 641 1
917 155 1
324 82 1
180 969 0
337 6 0
777 621 1
210 402 1
747 116 1
957 520 1
737 249 1
788 51 0
423 427 1
752 410 0
182 197 0
845 277 0
808 674 0
348 778 0
879 321 1
288 638 0
784 364 1
795 194 1
65 672 1
259 217 0
967 292 0
98 655 1
807 520 1
184 41 1
77 381 0
447 175 1
877 391 0
546 931 0
965 293 0
223 648 1
262 279 1
470 918 1
174 937 1
585 582 1
10 721 1
729 314 1
186 130 1
660 283 1
706 512 0
582 970 0
462 658 1
283 813 1
26 944 0
213 272 1
766 523 0
564 927 1
501 946 0
637 725 1
773 166 1
92 831 0
963 116 0
583 507 1
110 667 0
179 189 0
971 244 1
798 166 1
220 36 0
499 227 1
321 723 0
152 611 0
993 404 0
179 666 1
708 178 0
107 895 0
603 48 0
344 403 1
652 920 1
130 695 0
486 658 1
636 504 1
988 770 0
749 699 0
682 432 0
125 231 0
326 449 0
289 938 0
438 862 0
898 43 1
942 951 1
318 926 0
44 98 1
473 953 1
434 460 1
633 638 1
699 673 1
851 247 0
109 372 0
959 679 0
561 257 1
765 15 1
939 346 0
918 951 1
429 831 0
864 24 1
334 21 0
957 415 1
904 317 1
19 739 0
128 422 1
796 555 0
434 525 0
552 422 1
177 396 0
79 619 1
287 342 0
321 825 1
85 593 0
164 108 0
217 707 1
3 182 1
327 843 0
393 842 1
311 920 0
742 71 0
945 16 1
581 694 1
302 862 0
645 601 1
98 328 0
881 64 1
109 214 1
613 644 1
148 123 1
909 913 1
191 448 0
662 154 0
483 923 0
878 405 0
860 121 1
899 884 0
70 751 0
48 251 0
708 792 0
215 72 0
506 916 0
391 905 1
10 265 1
186 889 0
394 628 1
921 155 0
625 909 1
731 888 1
971 637 0
783 381 0
186 942 1
615 98 0
508 97 0
197 187 0
671 799 1
755 767 0
444 370 1
77 609 1
782 12 1
907 14 1
973 889 0
596 323 0
336 135 1
76 604 1
185 860 1
110 459 0
893 416 0
723 168 0
458 330 1
773 963 0
792 459 0
355 201 0
66 618 0
630 590 1
211 279 0
447 926 1
692 489 0
644 444 1
170 751 1
842 251 1
192 2 1
631 584 1
311 48 1
311 857 1
577 302 0
842 953 0
731 820 0
131 531 0
352 186 0
141 689 0
642 92 0
965 767 1
429 351 0
805 85 1
842 158 0
42 19 0
316 399 1
124 662 0
610 418 1
313 626 0
636 446 1
213 671 1
760 358 1
603 540 1
348 660 1
272 994 0
775 87 0
764 575 0
827 685 1
230 482 0
212 388 0
518 415 1
159 984 1
754 716 1
747 557 0
938 499 0
337 451 1
948 495 0
979 493 1
676 346 1
194 376 0
279 612 1
386 635 1
376 811 0
168 696 1
563 260 1
860 251 0
814 557 0
174 279 1
686 341 1
466 171 1
82 810 1
940 56 0
173 639 0
415 650 1
890 32 0
550 455 0
675 230 0
237 856 0
117 439 0
796 919 1
827 494 0
68 108 0
705 919 0
355 648 1
511 285 0
471 192 1
696 148 1
36 803 1
353 339 0
487 383 1
299 12 0
593 59 1
482 84 0
810 520 1
751 779 1
809 823 1
37 898 0
673 261 1
584 433 1
43 510 0
676 576 0
567 650 0
419 12 0
478 735 1
169 117 1
1000 545 0
509 563 1
717 485 0
240 364 0
360 739 0
157 363 1
901 210 1
133 710 0
534 233 1
205 825 0
951 945 0
249 586 1
333 871 0
18 519 0
545 83 0
293 655 0
720 475 1
892 213 1
601 312 1
440 754 1
259 931 1
589 452 1
687 32 0
130 948 0
241 772 0
638 283 1
212 313 1
44 620 1
175 6 0
647 582 1
226 145 0
723 462 1
24 29 0
802 679 1
967 66 1
609 742 1
336 892 1
125 464 0
57 288 0
415 131 1
177 57 0
288 304 1
531 904 1
28 362 0
932 705 1
753 453 0
81 904 1
223 100 1
204 500 1
813 106 0
766 77 1
578 790 0
843 972 1
356 103 0
41 179 1
463 286 0
185 296 1
357 471 1
214 134 1
510 816 0
229 721 0
498 192 0
911 866 0
221 355 0
871 813 1
24 492 0
213 440 0
436 661 1
969 722 1
55 90 0
772 871 0
493 870 1
235 132 1
578 922 1
128 461 1
832 693 1
641 496 1
974 983 1
107 709 0
406 193 1
484 366 1
945 155 1
410 431 1
609 955 0
89 650 0
285 255 1
666 73 1
519 479 0
561 634 1
609 403 0
977 828 1
686 710 0
82 992 0
984 877 0
305 480 0
99 98 1
65 206 0
888 594 1
270 687 1
650 50 0
265 982 1
348 376 0
508 33 0
913 453 0
336 154 0
474 479 0
851 862 0
684 878 1
121 181 0
62 291 0
830 569 0
957 732 0
576 829 1
888 40 1
883 202 1
325 450 1
433 96 0
825 261 0
543 27 0
927 158 1
926 591 0
648 625 1
610 724 0
251 85 0
769 845 1
991 273 1
867 682 0
591 709 0
992 16 0
511 356 1
642 176 1
923 590 1
814 135 1
21 492 1
490 507 1
954 811 1
109 917 1
772 143 1
191 421 1
195 211 1
271 970 0
174 714 0
800 885 1
68 352 0
960 654 0
395 315 1
213 548 1
376 692 1
226 768 1
601 970 1
648 248 0
137 745 0
132 653 0
698 631 1
352 102 1
922 927 0
732 908 0
669 968 1
287 411 0
555 66 1
963 133 0
673 650 0
842 428 0
510 159 0
817 203 1
462 693 1
512 288 1
832 941 1
116 165 1
843 188 1
914 542 1
589 494 1
843 36 1
431 188 0
457 415 1
793 741 1
372 990 1
263 971 1
824 769 0
480 910 1
109 412 1
631 708 1
278 164 1
223 676 1
476 460 1
627 561 0
79 268 0
28 377 0
69 979 0
983 172 1
999 718 1
267 592 0
555 679 0
757 615 1
81 445 1
547 978 1
965 397 1
727 870 1
743 827 0
516 89 0
719 410 1
364 639 1
256 513 0
15 32 0
177 459 1
346 41 0
413 276 1
298 391 1
954 660 1
380 813 1
436 987 1
604 82 1
676 682 0
569 595 1
66 447 0
95 136 1
20 213 1
142 406 1
652 842 1
56 219 1
196 264 1
626 791 0
257 285 1
837 74 0
763 360 0
668 914 0
460 999 0
986 251 1
156 271 0
297 203 1
2 543 1
611 152 0
745 31 0
355 669 0
477 467 0
924 477 1
504 252 0
17 594 1
382 358 0
123 823 1
875 737 0
38 612 1
976 624 0
667 695 1
674 704 1
11 203 0
239 768 0
426 330 1
974 896 0
635 89 0
261 500 0
391 652 1
833 945 0
252 584 0
693 765 0
664 81 0
320 715 1
73 285 0
736 997 1
956 210 1
165 607 0
879 156 0
965 580 0
255 293 0
885 90 1
564 533 1
6 582 0
44 912 1
973 33 1
54 485 0
234 147 1
982 501 1
417 292 0
166 421 1
51 838 1
832 475 0
606 152 1
949 880 0
293 706 1
355 814 0
143 963 1
318 365 0
433 465 0
173 342 0
521 325 0
94 7 0
567 889 0
990 440 1
896 241 1
811 770 1
795 711 1
585 178 1
243 225 1
504 557 0
277 947 1
168 773 1
641 596 0
997 949 1
576 219 0
937 537 1
7 923 1
695 347 1
110 112 1
484 710 0
773 588 1
895 905 0
640 196 1
735 430 1
751 199 0
502 89 0
284 267 1
85 641 1
654 107 0
204 487 1
859 774 1
98 25 0
818 405 1
275 832 1
160 488 1
939 289 0
448 595 0
573 766 1
428 306 0
291 521 1
934 899 0
301 303 1
410 20 1
441 539 1
135 410 1
164 75 1
905 549 0
915 304 0
530 735 0
720 488 1
498 586 1
135 736 0
698 307 0
505 517 0
467 574 0
88 407 0
593 10 1
545 989 0
199 532 0
299 14 1
541 892 1
358 389 1
296 800 1
530 79 1
280 598 1
177 326 0
851 866 1
743 177 0
421 307 0
164 810 1
651 605 0
280 156 1
596 213 0
379 193 0
395 57 1
901 65 0
388 949 1
448 98 1
975 619 0
727 265 0
678 1 0
20 617 1
926 885 0
774 98 1
250 622 1
855 935 0
437 612 0
119 586 0
926 529 1
587 799 1
620 262 0
683 23 0
749 493 0
584 755 1
106 635 0
195 533 0
450 504 1
981 271 1
763 409 1
908 460 1
498 289 0
318 183 0
401 599 1
657 102 0
621 31 1
433 732 0
22 717 0
227 826 0
994 197 1
529 630 0
672 96 1
472 60 1
883 940 0
997 95 0
677 208 0
275 534 0
599 184 0
436 56 1
9 367 1
289 978 1
662 549 1
163 379 0
251 939 0
484 613 1
742 181 1
92 367 0
291 814 0
970 626 0
858 309 0
673 823 1
972 681 0
184 323 1
352 660 0
157 767 0
209 604 0
106 605 0
902 826 1
815 50 1
275 909 0
103 381 1
219 174 1
56 315 1
183 20 1
360 861 1
947 584 0
169 891 0
777 580 0
729 85 0
937 333 0
699 405 1
921 589 0
729 787 1
547 70 1
384 744 1
855 84 0
400 845 0
42 365 0
631 249 0
682 640 1
893 524 1
575 467 0
34 851 1
462 347 1
401 564 0
367 916 1
684 705 0
590 617 1
458 195 0
616 557 1
398 370 1
316 815 1
707 970 0
190 299 0
69 46 1
43 187 1
982 507 1
370 659 0
635 488 0
919 636 0
797 212 0
456 49 0
738 822 0
759 252 1
923 42 0
616 724 1
804 797 0
272 360 1
99 838 1
108 2 0
750 994 0
185 284 1
498 475 0
447 987 1
164 262 1
729 93 1
417 920 1
601 505 0
644 936 0
183 857 0
491 925 0
45 695 1
367 994 0
641 241 0
381 53 1
638 824 1
49 38 1
850 617 0
469 944 0
208 993 0
82 743 0
373 871 0
174 358 1
276 777 0
703 91 1
569 980 0
439 98 0
422 811 1
591 205 1
424 708 1
31 890 0
612 462 1
712 882 1
104 714 1
627 10 1
238 373 0
717 168 1
885 117 0
979 799 0
126 393 1
196 27 1
114 61 1
24 298 0
747 653 1
553 530 0
32 10 0
644 621 0
571 448 1
339 891 0
394 80 0
452 517 0
625 108 0
407 367 1
742 582 1
307 224 1
84 368 1
356 564 1
74 903 0
68 833 1
802 853 1
878 588 1
85 704 1
480 777 1
241 197 0
795 670 1
508 816 0
873 725 1
440 576 1
638 449 1
314 479 0
930 29 0
385 278 0
470 457 0
447 240 1
37 727 1
972 35 1
285 752 0
600 369 1
520 693 1
817 674 0
876 171 0
369 592 0
33 656 0
534 460 0
4 731 0
159 896 0
249 265 0
513 171 0
696 201 0
730 950 0
78 931 1
826 752 0
882 452 0
348 403 1
326 13 1
393 330 1
925 680 1
266 752 0
761 261 1
511 589 0
913 451 0
521 268 1
347 369 0
480 557 0
968 144 0
537 394 0
441 882 0
353 480 1
550 432 0
32 534 0
822 419 0
679 325 0
161 478 1
276 510 1
612 138 0
503 960 1
787 57 1
200 775 1
88 334 0
131 507 1
856 241 0
644 333 1
171 902 1
94 464 0
214 934 1
934 902 1
516 237 0
286 57 1
764 814 1
340 719 0
555 829 0
98 854 1
351 662 0
319 682 0
997 284 1
608 442 1
762 919 0
23 467 0
107 110 1
848 830 1
446 692 1
518 403 1
878 382 0
856 250 1
553 773 0
864 28 0
872 426 1
429 614 0
741 578 0
903 66 1
204 571 0
901 17 0
58 503 0
77 85 0
842 127 0
102 127 0
121 932 0
69 439 0
564 530 1
728 594 0
542 387 1
928 375 1
779 935 1
357 799 1
966 720 0
294 995 0
222 104 1
955 497 1
659 477 1
917 540 0
972 78 1
944 220 0
318 706 0
250 218 1
839 384 0
593 340 1
856 703 0
305 730 0
666 944 0
228 679 1
264 458 1
151 184 1
172 781 0
745 435 0
265 640 0
865 815 0
34 408 0
6 960 0
876 645 1
364 235 1
476 478 1
612 962 0
872 321 1
375 326 1
356 410 0
255 425 1
269 875 0
239 256 1
571 165 0
376 726 0
254 223 1
50 199 1
541 258 1
161 884 1
93 115 0
705 319 0
53 85 0
258 884 1
884 623 0
319 483 0
404 724 1
788 619 1
396 833 1
172 667 0
902 726 0
255 158 0
787 139 1
891 472 0
343 987 0
866 316 0
917 441 1
924 43 1
359 728 1
123 605 1
224 227 0
442 127 0
56 706 1
61 144 0
251 506 1
354 227 1
656 227 0
376 285 0
52 550 0
902 645 0
34 375 1
461 59 0
88 394 0
491 119 1
429 761 0
910 935 0
42 400 0
304 619 0
874 257 1
205 647 1
597 924 0
519 420 1
489 33 1
727 222 0
945 518 0
701 633 0
556 238 1
58 233 0
405 877 0
806 342 0
150 229 1
886 33 1
16 493 1
708 536 1
422 635 1
114 920 1
866 15 1
827 745 0
185 837 1
242 78 0
918 123 1
913 819 0
348 822 1
172 487 1
937 210 1
36 313 1
508 574 0
517 214 1
163 848 0
469 947 1
582 202 0
100 683 0
641 629 1
665 596 1
867 124 0
964 349 1
800 198 0
103 989 1
83 982 1
289 575 0
915 851 0
570 522 1
517 162 0
642 985 1
56 601 0
683 946 0
608 643 1
921 598 1
263 461 1
61 321 0
392 422 1
535 680 1
456 517 0
31 395 0
779 818 1
421 498 1
769 443 0
765 205 1
99 145 1
934 898 1
102 993 0
19 872 1
321 676 1
276 611 1
24 374 0
489 187 1
615 21 1
77 685 0
513 981 1
126 725 1
443 151 0
829 91 1
598 892 0
108 546 1
435 770 0
872 7 0
740 120 1
679 488 0
500 695 0
913 806 0
681 185 0
564 68 1
177 299 1
825 983 1
889 9 1
151 30 0
676 482 0
23 429 1
734 966 0
150 187 1
426 569 1
553 952 0
107 643 1
718 544 0
646 949 1
488 39 1
338 353 0
790 891 1
590 654 0
889 449 0
500 262 0
744 730 1
642 41 1
385 536 0
513 789 1
732 588 0
952 440 1
539 277 1
958 424 0
211 329 1
777 558 0
316 287 0
559 366 0
693 887 0
233 866 1
987 723 1
378 300 1
424 61 0
646 954 1
328 500 0
962 790 0
562 900 1
396 403 0
86 625 0
987 27 1
270 773 0
499 11 1
321 916 0
845 620 0
67 357 0
420 449 1
158 607 0
750 436 1
79 31 0
449 239 1
755 303 0
500 390 1
281 209 1
546 814 1
973 863 1
442 157 0
516 852 1
726 337 0
974 628 0
822 581 0
172 67 0
394 184 0
596 614 1
367 308 0
187 786 1
420 166 1
181 980 0
919 489 1
707 211 1
165 848 0
414 648 0
495 46 0
108 796 1
426 468 1
648 784 0
678 643 1
770 943 1
318 956 0
394 128 1
866 212 0
601 812 0
173 500 1
970 904 0
800 91 0
476 420 1
796 39 0
369 352 1
317 924 1
926 461 0
378 31 0
114 430 0
594 705 1
465 424 0
291 461 0
158 164 1
44 388 1
28 5 1
400 925 0
737 152 1
70 943 1
530 207 1
813 400 0
245 103 0
175 50 0
625 277 0
413 4 1
141 630 0
692 509 1
543 496 0
153 787 0
297 623 1
193 329 0
810 195 0
472 204 1
444 247 1
817 768 0
849 653 0
421 826 1
764 515 1
821 667 0
267 824 0
139 315 1
28 207 1
533 133 0
663 645 0
843 96 0
195 571 0
487 767 0
752 181 0
887 460 0
601 930 1
75 842 0
162 378 0
524 228 1
423 433 0
477 365 0
668 792 0
432 74 0
143 200 0
83 225 1
856 286 0
399 605 0
350 668 0
369 147 0
918 506 0
509 263 0
675 247 1
613 278 0
466 173 0
284 812 1
781 399 0
948 888 0
211 552 1
984 185 1
974 613 0
944 841 0
572 702 0
229 588 1
106 82 0
262 609 0
738 403 0
719 20 1
40 603 1
962 480 1
646 267 0
346 218 0
874 53 1
927 441 0
760 176 0
703 659 1
286 941 0
387 250 0
5 603 1
711 3 0
970 344 1
177 872 0
61 892 1
426 100 1
680 312 1
431 256 1
804 855 0
569 562 0
713 871 1
604 620 0
935 116 1
665 372 0
967 399 1
238 534 1
306 849 0
113 74 1
574 845 1
338 909 0
713 241 1
501 329 1
81 110 1
946 477 0
531 843 0
540 50 1
411 757 0
496 564 1
311 758 0
870 217 0
868 22 0
966 338 0
875 626 0
608 452 0
927 114 1
906 510 0
162 616 0
945 775 1
628 876 0
688 337 1
952 160 0
768 214 0
525 277 0
598 717 0
895 809 1
365 487 1
629 423 0
861 539 0
673 873 1
674 713 1
124 207 1
886 877 1
856 312 1
34 528 0
666 354 1
242 801 1
647 520 1
582 918 0
568 523 1
503 246 0
621 860 1
580 781 1
878 594 0
191 322 0
369 431 1
142 521 1
828 148 0
585 367 0
158 971 1
26 672 0
183 987 0
719 502 0
61 148 1
29 788 0
753 132 1
989 791 1
975 199 1
229 834 1
862 451 0
222 350 0
862 749 0
874 301 0
837 229 0
897 19 0
577 964 0
430 378 0
325 596 1
931 55 1
48 620 1
881 50 0
398 908 1
362 312 1
780 260 1
299 810 1
636 816 1
863 308 1
472 309 1
788 976 1
226 296 1
158 534 1
999 881 1
752 988 1
677 308 1
990 717 1
917 375 1
585 977 0
664 666 1
474 446 0
970 385 0
80 172 1
429 572 0
158 383 1
939 935 0
283 793 1
673 875 0
935 143 1
513 67 1
457 823 1
721 918 0
269 424 0
167 774 0
246 422 1
468 441 0
699 500 0
315 196 1
696 707 1
697 129 0
752 281 1
735 777 0
938 789 1
848 605 1
818 24 1
462 484 1
650 62 1
625 947 0
962 945 0
50 207 0
260 686 0
733 428 0
96 382 0
65 305 0
76 164 1
441 807 0
783 444 1
933 26 1
241 661 1
459 570 0
418 55 1
917 987 1
613 776 1
952 224 0
415 285 1
584 60 0
679 646 1
409 212 0
114 603 1
226 882 0
534 8 0
264 347 0
65 42 0
980 419 0
425 101 1
864 182 1
200 69 0
898 147 0
169 123 0
344 816 1
254 86 0
375 434 0
122 985 0
438 963 0
835 351 1
447 944 0
582 52 0
890 954 0
241 493 1
190 806 1
687 934 0
377 10 1
729 429 1
75 517 0
278 503 0
272 739 0
583 493 1
482 979 0
511 349 1
900 229 1
370 574 1
160 152 0
703 975 0
333 247 0
784 367 1
652 390 0
822 591 1
973 428 0
500 718 1
352 390 0
68 778 1
986 393 0
87 992 1
493 741 0
277 21 1
503 471 1
463 760 1
685 64 1
239 676 0
717 62 1
525 821 1
665 403 1
935 67 0
337 549 0
469 711 1
833 843 0
548 413 1
68 5 0
716 461 0
288 162 0
920 668 1
408 924 1
660 735 1
84 535 1
694 564 0
888 424 1
457 237 0
159 574 1
980 13 1
694 814 0
276 263 1
184 912 1
628 6 0
18 442 1
876 459 0
377 286 0
408 415 0
934 408 0
845 399 1
269 202 0
950 772 0
88 867 0
124 415 0
185 728 1
845 353 0
997 493 0
117 7 0
260 932 0
413 971 1
51 404 1
121 624 1
872 439 0
644 24 0
14 367 0
277 521 1
445 462 1
899 118 0
420 859 1
800 499 1
861 485 1
416 783 0
397 671 1
159 640 0
178 593 0
216 93 1
745 219 1
609 290 1
220 998 0
68 389 0
165 328 0
640 217 0
994 514 0
226 636 1
993 951 0
902 860 1
616 404 1
412 380 0
375 951 1
984 540 0
428 772 1
479 862 0
419 722 1
219 502 0
780 27 1
359 934 0
674 841 0
408 485 0
604 920 0
716 554 0
151 676 1
124 131 1
550 960 1
867 795 1
941 4 0
953 375 1
56 326 1
642 88 1
953 793 0
941 781 0
705 795 0
777 38 0
853 717 0
892 76 0
684 232 0
112 630 1
896 84 0
922 801 1
851 113 0
826 937 0
479 844 1
498 73 1
331 767 1
604 540 1
460 395 1
47 598 0
121 265 1
776 911 1
821 381 1
451 635 1
152 102 0
732 104 1
587 798 1
499 738 0
224 986 1
402 323 0
57 256 1
666 86 1
176 152 1
424 117 0
589 270 1
779 722 0
705 281 1
58 723 1
644 720 0
696 811 0
528 911 1
592 256 0
171 493 1
279 663 1
455 511 0
697 499 0
805 355 0
108 490 1
14 948 0
434 491 1
86 325 0
699 304 0
298 542 1
151 466 1
146 167 1
365 397 1
870 922 0
769 243 1
27 24 0
25 366 1
488 317 0
139 595 0
126 379 1
137 350 1
658 102 1
153 410 1
737 857 1
429 327 1
78 869 1
554 343 1
575 990 0
111 980 0
403 296 0
307 104 0
646 326 1
359 309 0
573 343 0
935 667 1
134 193 0
87 788 0
48 167 1
668 259 0
540 161 0
876 239 0
767 31 0
519 999 0
190 724 1
111 671 1
661 472 1
55 813 1
142 310 1
411 574 0
482 224 1
54 253 0
724 103 1
338 866 1
962 273 0
565 8 0
241 93 1
180 601 0
451 842 0
298 444 0
702 315 0
862 673 1
349 714 0
587 470 0
534 952 0
840 848 0
543 797 0
62 766 0
114 707 1
232 512 1
971 270 1
346 506 1
817 783 1
828 79 0
280 238 0
898 344 1
603 403 0
933 580 0
25 788 1
665 917 1
715 937 0
6 813 1
882 312 1
131 687 0
463 472 1
88 966 0
444 398 0
699 923 0
832 393 0
32 671 0
575 237 0
647 908 0
216 731 1
346 387 0
715 681 1
842 480 1
327 220 0
425 122 0
147 242 1
729 639 1
991 347 1
597 532 1
200 823 0
496 79 1
319 545 1
709 104 0
873 994 1
689 338 1
519 721 0
89 878 0
691 744 0
83 231 1
914 661 0
597 166 1
890 779 0
178 580 0
851 810 0
878 417 1
803 651 1
700 939 1
428 418 0
30 260 1
948 518 0
493 485 0
98 138 1
888 96 1
247 559 1
625 67 1
254 790 0
720 282 1
614 41 1
763 573 0
383 191 1
599 673 1
155 493 1
277 34 1
619 835 0
339 553 1
84 1 1
825 652 0
238 796 0
866 933 1
464 28 1
475 434 1
501 312 0
295 742 1
304 127 0
894 75 1
185 223 1
414 744 1
212 174 1
463 311 0
229 758 1
597 261 0
884 685 0
687 239 0
563 814 0
498 849 1
233 763 0
430 652 0
652 379 1
382 14 1
604 784 0
222 515 1
838 623 0
930 280 1
879 535 0
423 285 1
440 696 1
79 816 0
908 102 0
480 154 1
333 175 1
100 429 0
335 541 0
755 341 1
309 814 0
548 810 1
170 350 0
809 463 1
743 699 1
840 294 1
373 44 1
658 727 0
254 480 1
5 769 1
816 605 0
671 889 1
386 403 1
40 945 0
268 519 1
460 741 1
505 43 0
81 546 0
150 207 0
474 587 1
689 320 1
496 706 0
87 871 1
428 447 0
218 15 0
219 544 0
69 827 1
103 300 0
430 392 0
924 643 1
486 775 0
872 778 1
37 793 1
378 294 1
128 43 1
515 498 1
125 933 1
348 764 1
135 702 0
965 41 0
895 966 1
394 175 0
19 574 0
879 470 1
779 138 1
295 901 1
492 773 1
853 957 1
531 784 1
612 766 1
151 520 1
711 900 0
836 669 1
961 699 0
570 205 1
1000 706 0
522 490 1
661 875 0
842 788 1
975 392 0
878 532 1
235 648 1
939 187 0
62 789 0
118 615 0
838 833 0
439 66 1
655 287 1
892 205 1
291 496 1
135 639 1
426 303 0
169 969 1
982 594 1
222 154 1
147 318 0
410 34 1
453 795 1
403 540 0
554 371 0
674 658 1
396 662 1
929 807 1
733 27 1
154 861 1
218 685 0
46 630 1
696 796 0
627 919 1
550 51 0
976 689 0
162 817 1
323 680 0
441 425 0
799 363 1
497 854 1
420 543 1
340 195 0
308 12 0
446 875 0
988 451 1
307 860 1
456 175 1
821 981 0
868 677 0
451 144 0
11 890 1
589 305 1
414 972 1
496 686 1
350 301 0
631 748 1
679 39 0
604 159 0
991 927 1
103 636 1
366 692 0
972 995 0
758 83 0
53 124 0
66 305 1
815 502 0
283 36 1
133 788 0
630 67 1
230 350 1
842 660 1
557 645 0
528 461 1
207 281 0
501 264 1
141 957 0
214 980 0
432 695 0
199 534 1
907 473 1
586 950 1
235 870 1
998 508 1
809 995 1
42 523 0
826 847 0
584 80 0
543 349 1
846 638 1
208 13 1
648 94 1
769 215 0
596 773 1
266 321 0
392 9 1
546 589 1
23 420 1
467 874 0
6 261 1
313 178 0
664 892 0
90 1 1
919 383 1
621 629 0
506 349 0
20 178 1
398 180 1
585 38 1
90 409 0
417 27 1
742 735 1
436 664 0
551 237 0
324 488 0
817 462 0
297 331 0
605 363 1
468 59 1
552 472 0
78 681 1
912 296 1
868 843 0
753 464 1
440 845 0
349 300 0
434 943 0
399 362 0
213 801 1
460 307 0
811 127 0
680 195 0
261 261 0
674 574 1
84 922 1
821 617 0
379 58 1
758 7 1
671 250 1
630 138 1
468 459 1
595 786 1
746 123 1
656 905 0
225 752 1
290 372 1
560 216 0
257 760 0
994 150 1
62 796 1
715 994 0
691 548 1
724 982 0
647 980 0
467 904 1
127 817 0
57 471 0
678 319 1
324 934 1
620 828 0
765 365 1
291 808 0
384 382 0
167 504 1
523 125 1
968 769 0
540 724 1
751 280 0
410 571 1
731 641 0
349 112 0
256 197 1
365 590 1
41 670 0
142 892 0
543 421 1
38 238 1
21 101 1
111 34 1
504 923 1
555 693 1
675 848 0
10 634 0
926 949 1
101 572 0
841 394 0
878 309 0
145 830 0
615 245 0
593 65 0
926 884 1
289 848 0
449 17 1
746 463 0
913 438 1
614 551 0
173 511 0
362 346 0
995 893 1
531 646 1
797 776 0
344 525 1
726 381 0
814 182 0
889 408 0
670 920 1
350 55 0
255 435 0
310 831 0
474 843 1
132 760 1
511 179 0
755 127 0
424 215 0
398 398 1
731 402 0
825 390 0
337 596 0
995 641 0
379 554 1
707 546 0
817 457 0
761 760 1
892 51 1
713 766 0
670 175 1
715 287 1
232 147 0
813 563 0
410 534 1
416 118 0
869 285 1
350 955 0
697 767 0
172 255 1
134 635 1
292 846 1
377 42 0
315 915 0
649 42 1
371 228 0
954 178 1
787 474 1
497 611 1
345 911 0
826 740 0
964 130 0
989 504 0
665 902 0
223 362 0
477 437 1
948 911 0
141 351 1
479 569 1
262 646 1
386 147 0
868 348 0
817 944 1
551 566 1
66 374 0
959 102 0
465 883 1
364 816 0
23 902 1
875 197 1
531 38 1
407 336 1
676 868 0
148 528 0
947 261 1
927 584 1
751 665 0
796 822 0
63 415 1
977 908 0
963 793 1
878 113 1
299 288 0
123 849 1
966 294 0
335 562 0
720 567 0
938 119 0
582 922 1
282 340 0
900 856 0
220 895 0
96 431 0
89 76 1
362 92 0
210 868 0
217 483 0
260 388 0
705 908 1
475 986 0
134 894 0
7 442 1
333 949 0
77 929 1
532 866 1
977 337 1
34 722 0
740 868 1
699 764 1
181 115 0
543 828 0
710 223 0
496 99 1
705 430 1
298 24 0
199 819 0
630 697 0
40 755 0
295 82 1
602 937 1
678 51 1
406 705 1
376 506 1
486 16 0
387 106 0
677 744 1
714 181 0
313 683 0
445 553 1
608 199 0
283 787 1
792 211 0
30 881 1
969 137 1
169 890 1
552 799 0
524 6 0
372 433 0
549 861 1
123 941 0
492 744 0
531 604 0
317 81 1
154 402 1
967 988 1
270 33 1
618 778 1
617 713 1
881 961 1
13 885 1
446 236 1
625 632 0
7 617 1
545 973 1
954 975 1
692 395 1
761 243 0
614 231 1
895 871 1
845 698 0
570 170 1
310 870 0
10 450 0
134 595 0
664 144 0
901 596 1
248 57 1
786 54 0
677 760 1
672 346 1
908 845 0
637 610 1
927 528 1
807 536 1
699 425 0
891 947 1
265 893 1
75 581 0
358 589 1
124 727 1
626 32 0
862 806 1
724 692 0
469 213 0
370 455 1
379 46 1
858 628 1
875 7 1
28 436 1
712 599 1
379 940 0
935 973 1
754 361 0
337 830 0
338 56 1
682 104 1
441 878 0
454 833 1
176 578 0
736 579 1
659 551 1
242 634 0
85 253 0
772 944 0
450 644 0
821 397 0
124 309 1
857 930 1
636 738 1
794 861 0
426 421 1
444 13 0
333 598 1
724 912 1
412 304 1
722 401 1
502 525 1
952 92 1
553 660 1
139 434 1
858 792 0
231 868 1
640 180 1
284 340 0
685 520 0
48 163 0
188 617 1
472 160 1
382 557 0
261 862 0
498 355 0
992 480 1
8 719 0
262 372 1
206 257 0
719 932 0
999 786 0
54 718 1
645 357 1
945 395 0
163 241 1
992 723 1
716 972 0
871 644 0
180 594 0
116 384 1
55 421 1
243 739 1
165 349 0
524 101 1
905 137 1
557 426 1
564 149 1
165 534 0
729 326 1
643 16 0
95 500 0
864 856 1
120 572 0
156 944 1
997 530 1
665 477 1
631 245 0
593 394 0
304 275 0
711 886 0
306 759 1
598 529 0
461 781 0
502 270 0
3 765 0
628 78 1
199 119 0
303 957 0
328 169 0
875 756 1
296 468 1
530 387 1
44 834 1
374 637 0
468 342 1
857 380 1
354 961 1
68 577 0
943 246 0
737 600 1
781 81 0
351 732 0
551 538 0
920 545 0
581 183 0
800 86 1
838 517 1
463 588 0
561 511 0
425 782 0
34 914 1
57 823 1
157 714 1
69 333 0
573 355 0
771 614 1
978 647 1
482 542 1
228 51 1
146 290 1
297 62 1
29 167 0
574 357 1
923 564 0
769 294 1
772 398 0
111 986 1
472 115 0
594 445 1
844 597 1
325 725 0
491 560 0
193 76 0
317 827 1
492 560 1
60 971 1
585 737 0
572 943 1
261 465 1
65 737 0
957 456 1
23 124 0
674 137 0
990 148 0
84 223 0
185 312 1
305 98 0
103 799 0
769 40 1
936 283 0
366 740 0
802 822 0
43 9 1
75 587 0
490 562 1
449 493 1
739 369 0
978 796 1
762 831 0
443 558 1
107 67 1
496 587 0
496 212 0
720 567 1
375 336 0
519 825 1
500 786 0
569 95 1
279 575 1
824 174 0
640 607 1
220 153 1
297 419 1
756 312 0
798 645 0
524 859 1
380 920 1
145 66 0
775 657 1
628 462 0
258 768 0
237 767 1
279 933 0
270 760 1
844 117 1
834 31 1
834 728 1
379 440 0
282 361 1
900 238 1
271 716 0
951 166 1
867 727 1
657 808 1
9 129 1
67 184 0
893 673 0
286 958 1
319 782 0
706 928 1
881 764 1
430 448 0
615 911 1
363 461 1
718 166 1
551 466 1
557 417 0
956 262 0
85 995 0
488 463 0
352 608 0
796 678 0
631 942 0
925 967 1
360 883 0
506 483 1
496 680 1
221 609 0
310 590 0
362 440 1
782 855 1
697 84 0
443 555 1
469 280 1
12 592 1
796 40 1
935 550 0
603 858 1
112 336 1
422 850 0
763 359 1
234 778 1
550 214 1
274 760 0
671 317 0
212 495 1
572 89 1
803 757 1
190 776 1
263 831 0
735 16 0
533 95 0
801 351 1
121 898 1
339 685 1
427 59 1
925 721 0
45 807 0
922 286 1
261 526 1
610 500 1
379 630 0
947 388 0
216 540 1
886 948 1
84 453 1
997 906 1
191 588 1
977 238 0
511 125 0
791 349 0
823 645 0
151 492 0
6 801 0
622 845 0
97 781 1
99 294 1
292 484 0
915 416 1
553 386 1
894 254 1
336 692 0
512 344 0
676 429 0
184 651 0
595 708 0
932 467 1
309 276 1
761 644 0
627 673 0
629 74 1
887 152 1
877 793 1
310 779 1
485 325 0
171 377 0
257 305 1
260 789 0
648 859 1
130 301 0
608 872 1
978 12 1
139 446 1
711 9 1
982 958 1
166 343 0
999 583 1
429 277 0
404 508 1
354 629 1
54 221 1
254 216 0
52 839 1
259 362 1
841 452 1
34 629 0
444 783 1
596 845 1
84 113 0
847 124 0
172 177 1
876 276 0
505 499 1
60 861 0
883 570 0
152 248 0
373 209 0
935 370 1
793 458 0
467 117 1
103 554 1
481 694 0
180 859 1
234 944 1
93 343 1
721 473 1
982 879 1
485 973 1
427 68 0
920 106 1
753 239 0
408 564 0
832 361 1
414 551 0
542 750 1
221 161 1
549 42 1
241 885 0
441 546 1
32 19 0
356 475 0
768 16 1
101 845 1
244 97 1
2 870 1
166 880 0
705 468 0
687 789 0
818 23 0
575 105 1
776 423 1
494 449 1
628 758 0
953 55 0
809 844 1
311 492 0
630 637 1
982 305 1
671 467 0
226 827 1
562 712 0
268 11 0
695 281 1
522 790 0
240 634 0
251 728 0
736 347 1
489 7 0
49 688 0
540 299 1
6 820 0
991 279 1
535 721 1
81 97 0
11 426 0
411 919 0
439 301 1
396 927 1
413 22 0
859 881 1
800 294 1
73 490 1
482 103 0
336 386 1
541 689 0
890 989 1
274 319 1
277 377 0
355 104 1
22 350 0
255 68 0
625 533 1
163 109 0
140 653 0
247 763 1
653 583 0
964 470 0
450 243 1
509 358 0
942 337 0
237 271 0
326 371 0
373 572 1
149 512 1
892 656 1
71 509 0
896 822 1
848 520 0
477 69 1
609 645 1
506 860 0
355 281 0
169 990 0
977 700 1
855 176 1
756 417 1
550 877 1
511 943 0
324 496 1
904 866 0
212 768 1
118 113 0
289 664 0
573 988 0
286 813 1
701 95 0
202 519 1
943 635 1
639 894 1
646 869 1
978 269 0
831 808 0
321 924 1
990 161 1
371 810 1
578 786 0
112 486 1
659 69 0
581 362 1
612 889 1
981 888 0
949 793 0
9 193 1
488 330 0
561 869 0
61 4 1
93 971 0
709 898 0
6 379 0
814 644 1
900 290 1
211 129 1
992 628 1
327 25 1
896 295 1
479 186 0
867 803 1
946 693 0
836 636 0
812 213 0
39 476 1
376 633 1
183 434 0
109 66 1
549 794 0
479 277 0
365 407 1
184 309 1
607 330 1
261 513 0
428 784 1
706 346 1
297 933 1
81 315 1
597 977 0
816 13 1
836 632 1
726 696 0
984 708 1
699 295 1
420 52 0
251 947 0
234 592 1
86 138 0
466 804 0
249 623 0
729 950 0
908 592 0
71 530 1
711 413 1
679 208 1
826 668 1
541 89 0
557 203 0
435 47 0
401 348 0
362 927 1
540 733 1
282 318 1
600 487 1
220 269 0
707 125 1
45 174 0
346 909 0
708 195 0
403 165 0
834 670 1
891 669 1
159 306 1
302 491 1
526 365 1
83 196 0
585 922 1
211 965 1
11 347 1
306 967 0
750 418 0
422 475 1
846 144 1
333 890 0
889 146 1
319 954 0
893 471 1
135 776 1
797 970 1
709 153 0
193 125 1
813 766 0
391 187 0
536 233 0
327 399 1
386 826 0
925 64 1
121 899 1
25 498 0
732 648 1
177 996 1
675 938 0
192 751 0
524 647 0
373 847 1
475 381 1
439 278 1
631 46 0
957 365 1
23 627 1
62 942 1
454 642 1
571 519 0
278 494 0
722 991 1
45 601 0
5 70 1
963 515 0
535 294 1
781 260 1
201 766 0
709 350 1
808 337 1
644 264 1
295 807 1
16 330 1
562 68 1
547 842 0
683 367 0
887 231 1
267 732 0
56 709 1
270 363 1
434 941 0
265 677 0
89 7 1
36 908 0
901 666 1
135 582 1
957 163 0
894 567 0
621 278 1
258 942 1
124 594 1
858 989 0
778 628 0
566 81 0
977 432 0
331 122 0
65 491 1
827 428 1
924 876 1
188 297 1
139 299 0
697 647 1
156 194 0
482 527 0
351 196 1
366 704 1
331 27 1
112 393 0
424 95 1
962 385 0
596 784 0
548 540 1
197 363 1
663 182 0
431 495 1
148 254 0
164 731 0
833 267 0
325 28 0
366 325 1
881 280 1
752 330 1
295 450 1
757 408 0
478 28 1
201 603 1
12 886 0
206 180 0
981 473 1
138 894 1
671 522 0
957 888 1
44 520 0
51 410 1
843 996 0
681 156 1
863 207 1
126 717 0
820 852 1
90 752 0
20 682 1
544 483 0
984 338 1
346 40 0
723 588 1
33 644 0
125 65 1
105 981 0
98 295 0
157 922 1
652 623 0
181 984 0
664 723 0
445 575 1
761 751 1
187 218 1
88 937 0
252 652 1
443 514 0
646 234 0
643 61 1
12 868 0
462 123 0
6 213 1
548 708 1
530 289 0
830 798 1
574 591 1
876 826 0
449 30 0
977 785 0
665 324 1
427 234 0
504 879 0
319 561 1
742 613 1
194 37 1
763 815 0
483 323 0
883 454 0
300 402 0
493 444 1
527 78 0
366 376 0
232 600 0
614 957 1
364 730 0
741 215 1
837 899 0
644 271 0
266 476 1
812 234 1
332 738 0
753 741 0
223 342 0
854 387 1
887 899 0
923 864 0
354 891 0
397 230 1
105 954 1
725 353 0
675 154 0
80 523 1
894 388 1
87 786 1
128 461 0
959 980 1
976 96 1
813 694 0
757 759 1
705 224 1
62 676 0
840 832 1
800 139 1
431 661 0
853 968 1
951 548 1
780 196 0
627 225 1
696 649 0
187 136 0
552 806 1
477 312 1
283 873 1
491 546 1
599 671 1
577 927 0
338 967 0
528 439 0
479 889 1
643 675 0
249 598 0
245 573 0
146 982 1
674 263 0
253 533 0
450 868 0
964 69 0
178 420 1
870 970 0
730 597 0
588 50 0
716 875 1
693 566 0
470 684 0
305 697 0
755 218 0
769 949 1
360 500 1
129 450 0
688 418 1
475 504 1
503 973 1
485 465 1
632 567 1
209 428 1
138 407 1
233 661 1
723 819 1
684 530 0
644 906 0
862 198 0
480 527 1
919 490 0
395 756 1
414 945 0
767 347 1
106 59 1
726 805 1
369 82 0
820 675 0
176 928 1
921 112 0
172 914 1
443 311 0
924 680 0
806 430 0
981 200 0
636 238 1
783 392 0
267 861 1
611 205 1
767 396 1
97 685 1
711 598 1
515 881 1
640 563 0
18 610 0
833 655 0
660 859 1
131 167 1
912 486 0
706 238 0
361 559 0
238 65 0
879 828 0
506 333 1
234 331 1
462 371 0
480 206 1
593 440 1
984 967 0
922 352 0
607 333 0
529 84 0
192 476 1
598 683 0
235 30 1
418 903 0
691 841 0
290 906 1
182 51 0
731 789 0
207 800 1
535 298 1
535 189 0
659 242 1
163 261 1
53 655 1
119 930 1
833 78 1
191 257 0
907 69 1
22 581 1
997 139 1
965 594 0
590 168 0
200 160 0
728 708 1
364 432 0
583 215 0
468 367 0
110 933 0
967 345 0
428 683 0
135 955 0
523 18 1
859 371 1
699 642 1
72 257 0
535 710 1
616 342 0
49 327 1
699 209 0
560 971 1
733 389 0
934 470 0
658 682 0
277 493 1
404 920 1
333 78 1
992 377 0
922 162 1
295 209 0
986 907 0
804 228 1
502 811 1
157 361 1
434 194 0
165 904 0
56 954 1
833 120 0
819 81 1
873 809 1
196 592 1
749 900 1
499 62 1
293 482 1
371 74 1
691 767 1
238 100 0
572 580 0
54 880 1
475 762 1
144 860 0
444 456 0
969 815 0
23 937 0
754 367 1
953 735 1
265 505 0
614 244 1
510 423 1
139 442 1
581 404 1
768 964 1
48 24 1
229 157 1
594 756 1
680 425 0
330 6 1
388 169 0
888 243 0
848 834 1
396 313 0
828 535 0
463 955 0
428 577 1
711 552 0
100 372 1
161 842 0
710 200 0
839 70 0
549 407 1
449 512 0
218 73 1
436 833 0
799 710 0
975 179 0
721 55 1
764 802 1
369 527 1
781 311 1
479 192 1
807 612 1
943 202 0
709 637 1
454 120 1
421 918 1
589 826 0
308 922 1
805 360 0
769 823 0
160 760 1
760 136 1
103 442 1
354 18 0
475 780 0
140 649 1
768 522 1
340 35 0
97 383 1
16 483 1
533 25 0
379 980 0
457 559 0
340 870 0
614 221 1
793 707 1
691 327 0
854 910 0
245 329 0
809 865 0
150 599 0
855 719 1
527 227 1
289 67 1
563 135 1
876 106 0
28 815 0
831 592 0
277 268 1
753 637 0
716 259 0
315 818 0
333 894 0
702 122 1
822 27 1
285 324 1
686 144 1
949 260 1
902 590 0
734 114 0
232 880 1
565 641 1
675 842 1
856 407 1
720 713 0
863 735 1
64 817 1
733 240 0
949 985 0
562 410 0
133 366 1
491 104 1
28 329 0
459 623 0
642 687 1
708 436 0
74 622 1
497 906 0
844 42 1
626 164 1
583 503 1
550 208 1
700 153 1
33 192 0
354 639 1
387 800 0
570 919 0
159 277 0
245 533 1
950 868 1
251 342 0
493 873 0
695 43 1
362 156 1
160 436 0
224 513 1
90 707 0
202 303 0
237 66 1
503 943 1
794 81 0
820 231 0
327 804 0
805 159 0
844 467 1
905 722 1
523 402 1
379 50 1
637 952 0
236 512 1
4 77 1
50 149 1
854 784 1
311 708 0
110 853 0
273 870 0
408 77 0
9 250 1
412 687 0
924 224 1
124 591 1
531 600 1
374 480 1
551 979 0
743 41 0
788 971 1
350 338 0
337 331 0
21 96 0
237 887 0
911 296 1
949 719 1
847 914 0
452 183 0
487 307 1
621 54 0
43 988 1
42 848 1
41 721 0
749 888 1
696 855 0
252 191 1
243 336 1
805 458 1
700 20 0
85 566 0
956 39 0
774 968 1
12 906 1
564 796 0
234 758 0
880 778 0
387 748 0
695 4 1
693 914 1
327 746 0
350 427 0
935 98 1
849 6 1
337 5 1
270 50 1
562 910 1
490 831 0
566 999 0
794 929 1
659 519 1
140 621 1
586 959 1
118 717 1
762 190 0
446 520 1
201 900 0
340 111 0
860 853 1
859 8 1
296 743 1
65 629 1
23 919 0
139 698 1
907 48 0
247 916 0
302 589 1
126 388 1
923 17 1
438 402 1
557 347 1
328 181 0
103 794 0
26 186 0
792 732 0
640 823 1
433 411 1
176 598 0
876 278 0
68 690 0
157 275 1
403 912 1
45 243 0
170 902 1
514 869 0
215 713 1
674 98 1
510 526 1
456 176 1
472 133 0
334 933 1
569 392 0
841 323 1
98 917 1
204 961 1
276 183 0
573 849 1
849 464 1
420 932 0
206 564 0
513 370 0
788 174 0
896 287 1
36 710 0
218 408 1
347 301 1
392 5 1
821 841 1
666 714 1
351 982 1
229 62 0
950 659 0
722 715 1
500 553 0
210 208 0
224 842 1
923 571 0
798 423 1
979 103 1
797 405 1
472 462 1
430 658 1
9 296 1
818 175 0
419 923 0
89 575 1
512 665 0
165 440 1
55 111 0
939 481 0
137 844 0
392 190 0
749 676 1
326 75 1
556 599 0
591 455 0
176 59 1
618 138 1
902 231 0
206 457 1
292 801 0
428 902 0
10 527 0
687 159 1
336 740 1
992 455 0
661 225 1
328 938 1
654 568 0
167 417 1
686 535 0
482 684 0
841 983 0
579 353 0
630 121 0
605 668 1
328 346 1
60 647 0
958 373 0
949 410 1
68 494 0
793 996 0
94 399 1
960 19 1
225 906 0
183 606 1
625 229 0
277 127 0
82 277 0
371 508 1
60 993 1
513 912 1
9 682 0
94 839 0
32 657 0
902 154 0
180 133 1
556 214 0
747 96 0
187 321 1
75 118 0
196 773 0
766 830 1
862 753 1
53 32 1
706 809 1
246 563 0
725 66 1
207 586 0
791 33 1
777 453 0
78 516 0
752 829 0
7 86 1
349 667 0
499 605 0
907 283 0
271 500 0
142 854 0
699 904 0
439 859 1
12 305 0
758 298 0
197 70 0
110 707 0
950 999 1
904 828 0
898 94 1
690 465 1
592 216 1
952 921 0
176 616 1
747 733 1
34 510 0
714 103 1
890 507 0
600 907 1
942 747 0
986 864 1
129 500 1
650 238 1
279 586 1
680 898 1
64 482 1
845 226 0
167 215 0
117 891 0
431 424 0
43 669 1
913 158 1
421 704 0
330 766 1
824 822 1
202 890 1
876 265 1
320 562 1
732 263 1
642 833 0
680 830 1
444 415 1
696 172 1
905 165 0
961 111 1
718 318 0
738 730 0
604 276 1
422 129 1
995 138 0
610 292 0
68 566 0
732 434 0
440 142 0
336 539 1
449 101 1
854 232 0
860 765 1
509 931 0
149 237 0
111 527 0
384 768 0
139 192 1
388 147 0
824 52 1
868 674 1
304 783 1
187 842 1
802 260 0
783 792 1
983 15 0
45 360 1
72 327 0
144 132 0
281 582 1
707 851 0
179 82 0
852 575 0
691 446 1
793 176 1
706 203 1
76 424 1
206 519 0
863 894 1
127 823 1
508 232 0
231 492 0
932 23 0
699 888 0
947 626 0
752 80 1
926 481 0
584 18 1
997 326 1
914 16 0
432 505 1
628 255 1
422 393 1
818 342 0
868 335 0
775 238 1
167 458 0
290 700 1
942 217 1
490 522 0
310 661 0
717 837 1
334 412 1
328 642 0
714 543 1
706 709 0
568 863 1
84 941 0
686 38 0
819 889 1
797 342 1
353 568 1
977 726 0
550 876 0
263 29 1
642 779 0
383 886 1
396 785 1
91 659 1
523 56 1
704 973 0
962 458 1
446 650 1
306 532 0
727 483 1
67 195 1
511 505 0
239 47 1
761 863 0
589 983 1
888 679 1
852 856 1
862 157 1
978 497 1
791 509 1
906 484 1
510 859 1
883 391 0
482 826 1
467 477 1
684 537 0
620 742 1
678 415 0
160 365 0
872 389 1
864 93 1
557 368 0
29 827 1
643 971 1
485 423 1
437 532 0
229 453 1
850 299 1
332 258 0
783 468 1
132 673 1
732 635 0
317 897 0
464 881 0
644 436 1
585 23 1
958 685 1
477 593 0
761 547 0
240 919 0
523 991 1
947 459 1
170 550 1
891 544 0
116 763 1
597 938 0
413 31 0
194 823 0
277 210 1
191 406 0
702 54 1
69 524 0
191 459 1
809 864 1
794 699 0
523 417 1
182 436 0
359 922 0
792 226 1
44 542 1
179 555 0
337 388 1
916 49 1
232 507 1
380 279 0
38 554 1
674 479 1
55 672 0
919 7 0
644 975 0
747 756 1
391 681 1
292 364 1
254 196 0
429 915 0
381 580 0
908 915 1
524 377 1
581 994 0
15 578 1
328 444 0
967 578 0
600 124 1
615 766 0
638 812 0
571 33 0
971 165 0
582 939 1
827 706 0
454 612 1
23 644 1
983 712 1
108 775 0
647 735 0
713 900 1
869 209 1
758 970 0
444 754 0
298 350 1
930 601 0
850 394 0
921 648 1
6 493 0
225 440 1
930 433 0
830 205 0
757 219 1
946 425 0
611 373 1
511 488 1
400 557 0
290 486 0
471 17 1
432 699 1
522 799 0
602 385 1
327 377 0
859 375 1
188 874 0
675 725 0
939 769 0
140 31 1
720 411 0
56 964 0
700 927 1
701 455 1
498 829 0
491 675 0
69 640 0
386 950 0
969 438 0
942 227 0
392 810 0
694 798 1
720 204 0
102 27 0
450 739 0
375 970 0
985 249 1
180 591 1
121 622 1
905 150 0
656 650 0
522 617 1
148 920 0
384 750 1
320 534 0
645 912 1
76 444 1
920 502 1
92 273 0
700 126 1
810 277 1
601 786 0
481 407 1
502 617 1
821 680 1
288 996 1
519 374 1
746 162 0
869 456 0
346 940 0
2 880 1
996 453 1
175 370 1
768 588 0
13 758 1
798 58 0
416 354 1
506 219 0
711 417 0
513 337 0
913 509 0
143 738 0
991 449 1
634 798 0
692 890 1
501 370 1
924 42 1
318 631 0
334 57 1
236 51 1
569 655 1
335 543 0
959 593 0
870 810 1
352 352 0
271 48 0
224 697 0
133 953 1
697 959 1
431 90 1
637 27 1
440 967 1
641 651 1
576 21 0
788 334 1
688 595 1
301 356 1
677 653 0
687 762 0
712 98 0
273 464 0
961 692 1
884 356 1
817 17 0
10 111 1
653 328 1
358 355 1
803 138 1
618 192 1
30 676 0
649 105 1
613 504 0
310 96 1
759 505 1
744 986 1
442 194 0
156 250 0
486 766 1
280 756 0
127 996 0
222 465 1
480 967 0
402 640 1
225 80 1
109 40 0
119 544 1
349 266 1
430 623 0
492 683 1
976 161 0
729 992 0
233 656 0
72 28 0
319 348 1
923 35 0
